Dynamical matrix file
phonons on a grid                                                          
  1    2   0  10.3346008   0.0000000   0.0000000   0.0000000   0.0000000   0.0000000
Basis vectors
     -0.500000000    0.000000000    0.500000000
      0.000000000    0.500000000    0.500000000
     -0.500000000    0.500000000    0.000000000
           1  'Si     '    25597.911567706618     
    1    1      0.0000000000      0.0000000000      0.0000000000
    2    1      0.2500000000     -0.2500000000     -0.2500000000

     Dynamical  Matrix in cartesian axes

     q = (   -0.250000000   0.250000000  -0.250000000 ) 

    1    1
  0.27731504   0.00000000    -0.01260954  -0.00000000     0.01260954   0.00000000
 -0.01260954  -0.00000000     0.27731504   0.00000000    -0.01260954  -0.00000000
  0.01260954   0.00000000    -0.01260954  -0.00000000     0.27731504   0.00000000
    1    2
 -0.20727045  -0.06318092    -0.03726968   0.03910463     0.03726968  -0.03910463
 -0.03726968   0.03910463    -0.20727045  -0.06318092    -0.03726968   0.03910463
  0.03726968  -0.03910463    -0.03726968   0.03910463    -0.20727045  -0.06318092
    2    1
 -0.20727045   0.06318092    -0.03726968  -0.03910463     0.03726968   0.03910463
 -0.03726968  -0.03910463    -0.20727045   0.06318092    -0.03726968  -0.03910463
  0.03726968   0.03910463    -0.03726968  -0.03910463    -0.20727045   0.06318092
    2    2
  0.27731504  -0.00000000    -0.01260954   0.00000000     0.01260954  -0.00000000
 -0.01260954   0.00000000     0.27731504  -0.00000000    -0.01260954   0.00000000
  0.01260954  -0.00000000    -0.01260954   0.00000000     0.27731504  -0.00000000

     Dynamical  Matrix in cartesian axes

     q = (    0.250000000  -0.250000000  -0.250000000 ) 

    1    1
  0.27731504   0.00000000    -0.01260954  -0.00000000    -0.01260954  -0.00000000
 -0.01260954  -0.00000000     0.27731504   0.00000000     0.01260954   0.00000000
 -0.01260954  -0.00000000     0.01260954   0.00000000     0.27731504   0.00000000
    1    2
 -0.06318092   0.20727045     0.03910463   0.03726968     0.03910463   0.03726968
  0.03910463   0.03726968    -0.06318092   0.20727045    -0.03910463  -0.03726968
  0.03910463   0.03726968    -0.03910463  -0.03726968    -0.06318092   0.20727045
    2    1
 -0.06318092  -0.20727045     0.03910463  -0.03726968     0.03910463  -0.03726968
  0.03910463  -0.03726968    -0.06318092  -0.20727045    -0.03910463   0.03726968
  0.03910463  -0.03726968    -0.03910463   0.03726968    -0.06318092  -0.20727045
    2    2
  0.27731504  -0.00000000    -0.01260954   0.00000000    -0.01260954   0.00000000
 -0.01260954   0.00000000     0.27731504  -0.00000000     0.01260954  -0.00000000
 -0.01260954   0.00000000     0.01260954  -0.00000000     0.27731504  -0.00000000

     Dynamical  Matrix in cartesian axes

     q = (    0.250000000  -0.250000000   0.250000000 ) 

    1    1
  0.27731504  -0.00000000    -0.01260954   0.00000000     0.01260954  -0.00000000
 -0.01260954   0.00000000     0.27731504  -0.00000000    -0.01260954   0.00000000
  0.01260954  -0.00000000    -0.01260954   0.00000000     0.27731504  -0.00000000
    1    2
 -0.20727045   0.06318092    -0.03726968  -0.03910463     0.03726968   0.03910463
 -0.03726968  -0.03910463    -0.20727045   0.06318092    -0.03726968  -0.03910463
  0.03726968   0.03910463    -0.03726968  -0.03910463    -0.20727045   0.06318092
    2    1
 -0.20727045  -0.06318092    -0.03726968   0.03910463     0.03726968  -0.03910463
 -0.03726968   0.03910463    -0.20727045  -0.06318092    -0.03726968   0.03910463
  0.03726968  -0.03910463    -0.03726968   0.03910463    -0.20727045  -0.06318092
    2    2
  0.27731504   0.00000000    -0.01260954  -0.00000000     0.01260954   0.00000000
 -0.01260954  -0.00000000     0.27731504   0.00000000    -0.01260954  -0.00000000
  0.01260954   0.00000000    -0.01260954  -0.00000000     0.27731504   0.00000000

     Dynamical  Matrix in cartesian axes

     q = (    0.250000000   0.250000000   0.250000000 ) 

    1    1
  0.27731504   0.00000000     0.01260954   0.00000000     0.01260954   0.00000000
  0.01260954   0.00000000     0.27731504   0.00000000     0.01260954   0.00000000
  0.01260954   0.00000000     0.01260954   0.00000000     0.27731504   0.00000000
    1    2
 -0.20727045  -0.06318092     0.03726968  -0.03910463     0.03726968  -0.03910463
  0.03726968  -0.03910463    -0.20727045  -0.06318092     0.03726968  -0.03910463
  0.03726968  -0.03910463     0.03726968  -0.03910463    -0.20727045  -0.06318092
    2    1
 -0.20727045   0.06318092     0.03726968   0.03910463     0.03726968   0.03910463
  0.03726968   0.03910463    -0.20727045   0.06318092     0.03726968   0.03910463
  0.03726968   0.03910463     0.03726968   0.03910463    -0.20727045   0.06318092
    2    2
  0.27731504  -0.00000000     0.01260954  -0.00000000     0.01260954  -0.00000000
  0.01260954  -0.00000000     0.27731504  -0.00000000     0.01260954  -0.00000000
  0.01260954  -0.00000000     0.01260954  -0.00000000     0.27731504  -0.00000000

     Dynamical  Matrix in cartesian axes

     q = (   -0.250000000  -0.250000000  -0.250000000 ) 

    1    1
  0.27731504  -0.00000000     0.01260954  -0.00000000     0.01260954  -0.00000000
  0.01260954  -0.00000000     0.27731504  -0.00000000     0.01260954  -0.00000000
  0.01260954  -0.00000000     0.01260954  -0.00000000     0.27731504  -0.00000000
    1    2
 -0.20727045   0.06318092     0.03726968   0.03910463     0.03726968   0.03910463
  0.03726968   0.03910463    -0.20727045   0.06318092     0.03726968   0.03910463
  0.03726968   0.03910463     0.03726968   0.03910463    -0.20727045   0.06318092
    2    1
 -0.20727045  -0.06318092     0.03726968  -0.03910463     0.03726968  -0.03910463
  0.03726968  -0.03910463    -0.20727045  -0.06318092     0.03726968  -0.03910463
  0.03726968  -0.03910463     0.03726968  -0.03910463    -0.20727045  -0.06318092
    2    2
  0.27731504   0.00000000     0.01260954   0.00000000     0.01260954   0.00000000
  0.01260954   0.00000000     0.27731504   0.00000000     0.01260954   0.00000000
  0.01260954   0.00000000     0.01260954   0.00000000     0.27731504   0.00000000

     Dynamical  Matrix in cartesian axes

     q = (   -0.250000000  -0.250000000   0.250000000 ) 

    1    1
  0.27731504   0.00000000     0.01260954   0.00000000    -0.01260954  -0.00000000
  0.01260954   0.00000000     0.27731504   0.00000000    -0.01260954  -0.00000000
 -0.01260954  -0.00000000    -0.01260954  -0.00000000     0.27731504   0.00000000
    1    2
 -0.20727045  -0.06318092     0.03726968  -0.03910463    -0.03726968   0.03910463
  0.03726968  -0.03910463    -0.20727045  -0.06318092    -0.03726968   0.03910463
 -0.03726968   0.03910463    -0.03726968   0.03910463    -0.20727045  -0.06318092
    2    1
 -0.20727045   0.06318092     0.03726968   0.03910463    -0.03726968  -0.03910463
  0.03726968   0.03910463    -0.20727045   0.06318092    -0.03726968  -0.03910463
 -0.03726968  -0.03910463    -0.03726968  -0.03910463    -0.20727045   0.06318092
    2    2
  0.27731504  -0.00000000     0.01260954  -0.00000000    -0.01260954   0.00000000
  0.01260954  -0.00000000     0.27731504  -0.00000000    -0.01260954   0.00000000
 -0.01260954   0.00000000    -0.01260954   0.00000000     0.27731504  -0.00000000

     Dynamical  Matrix in cartesian axes

     q = (   -0.250000000   0.250000000   0.250000000 ) 

    1    1
  0.27731504  -0.00000000    -0.01260954   0.00000000    -0.01260954   0.00000000
 -0.01260954   0.00000000     0.27731504  -0.00000000     0.01260954  -0.00000000
 -0.01260954   0.00000000     0.01260954  -0.00000000     0.27731504  -0.00000000
    1    2
 -0.06318092  -0.20727045     0.03910463  -0.03726968     0.03910463  -0.03726968
  0.03910463  -0.03726968    -0.06318092  -0.20727045    -0.03910463   0.03726968
  0.03910463  -0.03726968    -0.03910463   0.03726968    -0.06318092  -0.20727045
    2    1
 -0.06318092   0.20727045     0.03910463   0.03726968     0.03910463   0.03726968
  0.03910463   0.03726968    -0.06318092   0.20727045    -0.03910463  -0.03726968
  0.03910463   0.03726968    -0.03910463  -0.03726968    -0.06318092   0.20727045
    2    2
  0.27731504   0.00000000    -0.01260954  -0.00000000    -0.01260954  -0.00000000
 -0.01260954  -0.00000000     0.27731504   0.00000000     0.01260954   0.00000000
 -0.01260954  -0.00000000     0.01260954   0.00000000     0.27731504   0.00000000

     Dynamical  Matrix in cartesian axes

     q = (    0.250000000   0.250000000  -0.250000000 ) 

    1    1
  0.27731504  -0.00000000     0.01260954  -0.00000000    -0.01260954   0.00000000
  0.01260954  -0.00000000     0.27731504  -0.00000000    -0.01260954   0.00000000
 -0.01260954   0.00000000    -0.01260954   0.00000000     0.27731504  -0.00000000
    1    2
 -0.20727045   0.06318092     0.03726968   0.03910463    -0.03726968  -0.03910463
  0.03726968   0.03910463    -0.20727045   0.06318092    -0.03726968  -0.03910463
 -0.03726968  -0.03910463    -0.03726968  -0.03910463    -0.20727045   0.06318092
    2    1
 -0.20727045  -0.06318092     0.03726968  -0.03910463    -0.03726968   0.03910463
  0.03726968  -0.03910463    -0.20727045  -0.06318092    -0.03726968   0.03910463
 -0.03726968   0.03910463    -0.03726968   0.03910463    -0.20727045  -0.06318092
    2    2
  0.27731504   0.00000000     0.01260954   0.00000000    -0.01260954  -0.00000000
  0.01260954   0.00000000     0.27731504   0.00000000    -0.01260954  -0.00000000
 -0.01260954  -0.00000000    -0.01260954  -0.00000000     0.27731504   0.00000000

     Diagonalizing the dynamical matrix

     q = (   -0.250000000   0.250000000  -0.250000000 ) 

 **************************************************************************
     freq (    1) =       2.833057 [THz] =      94.500612 [cm-1]
 ( -0.516179  0.017734 -0.041656  0.064453  0.474523  0.046719 ) 
 ( -0.511958  0.068224 -0.035140  0.068224  0.476818 -0.000000 ) 
     freq (    2) =       2.833057 [THz] =      94.500612 [cm-1]
 (  0.246538 -0.076137  0.570514 -0.044240  0.323977  0.031897 ) 
 (  0.237891 -0.099927  0.563435 -0.099927  0.325543  0.000000 ) 
     freq (    3) =       6.776361 [THz] =     226.035087 [cm-1]
 (  0.279417  0.297645 -0.279417 -0.297645  0.279417  0.297645 ) 
 (  0.408248 -0.000000 -0.408248  0.000000  0.408248  0.000000 ) 
     freq (    4) =      14.488271 [THz] =     483.276712 [cm-1]
 (  0.279417  0.297645 -0.279417 -0.297645  0.279417  0.297645 ) 
 ( -0.408248 -0.000000  0.408248  0.000000 -0.408248  0.000000 ) 
     freq (    5) =      14.690616 [THz] =     490.026205 [cm-1]
 ( -0.550044 -0.150107 -0.332574 -0.128696  0.217470  0.021411 ) 
 (  0.562105  0.095490  0.343583  0.095490 -0.218522  0.000000 ) 
     freq (    6) =      14.690616 [THz] =     490.026205 [cm-1]
 ( -0.085457  0.030822  0.446370  0.083183  0.531827  0.052361 ) 
 (  0.082026 -0.039047 -0.452372 -0.039047 -0.534398  0.000000 ) 
 **************************************************************************
