Dynamical matrix file
phonons on a grid                                                          
  1    2   0  10.3346008   0.0000000   0.0000000   0.0000000   0.0000000   0.0000000
Basis vectors
     -0.500000000    0.000000000    0.500000000
      0.000000000    0.500000000    0.500000000
     -0.500000000    0.500000000    0.000000000
           1  'Si     '    25597.911567706618     
    1    1      0.0000000000      0.0000000000      0.0000000000
    2    1      0.2500000000     -0.2500000000     -0.2500000000

     Dynamical  Matrix in cartesian axes

     q = (   -0.250000000   0.250000000  -0.250000000 ) 

    1    1
  0.27731471   0.00000000    -0.01260912   0.00000000     0.01260912   0.00000000
 -0.01260912   0.00000000     0.27731471   0.00000000    -0.01260912   0.00000000
  0.01260912   0.00000000    -0.01260912   0.00000000     0.27731471   0.00000000
    1    2
 -0.20727063  -0.06318224    -0.03726964   0.03910617     0.03726964  -0.03910617
 -0.03726964   0.03910617    -0.20727063  -0.06318224    -0.03726964   0.03910617
  0.03726964  -0.03910617    -0.03726964   0.03910617    -0.20727063  -0.06318224
    2    1
 -0.20727063   0.06318224    -0.03726964  -0.03910617     0.03726964   0.03910617
 -0.03726964  -0.03910617    -0.20727063   0.06318224    -0.03726964  -0.03910617
  0.03726964   0.03910617    -0.03726964  -0.03910617    -0.20727063   0.06318224
    2    2
  0.27731471   0.00000000    -0.01260912   0.00000000     0.01260912   0.00000000
 -0.01260912   0.00000000     0.27731471   0.00000000    -0.01260912   0.00000000
  0.01260912   0.00000000    -0.01260912   0.00000000     0.27731471   0.00000000

     Dynamical  Matrix in cartesian axes

     q = (    0.250000000  -0.250000000  -0.250000000 ) 

    1    1
  0.27731471   0.00000000    -0.01260912   0.00000000    -0.01260912   0.00000000
 -0.01260912   0.00000000     0.27731471   0.00000000     0.01260912   0.00000000
 -0.01260912   0.00000000     0.01260912   0.00000000     0.27731471   0.00000000
    1    2
 -0.06318224   0.20727063     0.03910617   0.03726964     0.03910617   0.03726964
  0.03910617   0.03726964    -0.06318224   0.20727063    -0.03910617  -0.03726964
  0.03910617   0.03726964    -0.03910617  -0.03726964    -0.06318224   0.20727063
    2    1
 -0.06318224  -0.20727063     0.03910617  -0.03726964     0.03910617  -0.03726964
  0.03910617  -0.03726964    -0.06318224  -0.20727063    -0.03910617   0.03726964
  0.03910617  -0.03726964    -0.03910617   0.03726964    -0.06318224  -0.20727063
    2    2
  0.27731471   0.00000000    -0.01260912   0.00000000    -0.01260912   0.00000000
 -0.01260912   0.00000000     0.27731471   0.00000000     0.01260912   0.00000000
 -0.01260912   0.00000000     0.01260912   0.00000000     0.27731471   0.00000000

     Dynamical  Matrix in cartesian axes

     q = (    0.250000000  -0.250000000   0.250000000 ) 

    1    1
  0.27731471   0.00000000    -0.01260912   0.00000000     0.01260912   0.00000000
 -0.01260912   0.00000000     0.27731471   0.00000000    -0.01260912   0.00000000
  0.01260912   0.00000000    -0.01260912   0.00000000     0.27731471   0.00000000
    1    2
 -0.20727063   0.06318224    -0.03726964  -0.03910617     0.03726964   0.03910617
 -0.03726964  -0.03910617    -0.20727063   0.06318224    -0.03726964  -0.03910617
  0.03726964   0.03910617    -0.03726964  -0.03910617    -0.20727063   0.06318224
    2    1
 -0.20727063  -0.06318224    -0.03726964   0.03910617     0.03726964  -0.03910617
 -0.03726964   0.03910617    -0.20727063  -0.06318224    -0.03726964   0.03910617
  0.03726964  -0.03910617    -0.03726964   0.03910617    -0.20727063  -0.06318224
    2    2
  0.27731471   0.00000000    -0.01260912   0.00000000     0.01260912   0.00000000
 -0.01260912   0.00000000     0.27731471   0.00000000    -0.01260912   0.00000000
  0.01260912   0.00000000    -0.01260912   0.00000000     0.27731471   0.00000000

     Dynamical  Matrix in cartesian axes

     q = (    0.250000000   0.250000000   0.250000000 ) 

    1    1
  0.27731471   0.00000000     0.01260912   0.00000000     0.01260912   0.00000000
  0.01260912   0.00000000     0.27731471   0.00000000     0.01260912   0.00000000
  0.01260912   0.00000000     0.01260912   0.00000000     0.27731471   0.00000000
    1    2
 -0.20727063  -0.06318224     0.03726964  -0.03910617     0.03726964  -0.03910617
  0.03726964  -0.03910617    -0.20727063  -0.06318224     0.03726964  -0.03910617
  0.03726964  -0.03910617     0.03726964  -0.03910617    -0.20727063  -0.06318224
    2    1
 -0.20727063   0.06318224     0.03726964   0.03910617     0.03726964   0.03910617
  0.03726964   0.03910617    -0.20727063   0.06318224     0.03726964   0.03910617
  0.03726964   0.03910617     0.03726964   0.03910617    -0.20727063   0.06318224
    2    2
  0.27731471   0.00000000     0.01260912   0.00000000     0.01260912   0.00000000
  0.01260912   0.00000000     0.27731471   0.00000000     0.01260912   0.00000000
  0.01260912   0.00000000     0.01260912   0.00000000     0.27731471   0.00000000

     Dynamical  Matrix in cartesian axes

     q = (   -0.250000000  -0.250000000  -0.250000000 ) 

    1    1
  0.27731471   0.00000000     0.01260912   0.00000000     0.01260912   0.00000000
  0.01260912   0.00000000     0.27731471   0.00000000     0.01260912   0.00000000
  0.01260912   0.00000000     0.01260912   0.00000000     0.27731471   0.00000000
    1    2
 -0.20727063   0.06318224     0.03726964   0.03910617     0.03726964   0.03910617
  0.03726964   0.03910617    -0.20727063   0.06318224     0.03726964   0.03910617
  0.03726964   0.03910617     0.03726964   0.03910617    -0.20727063   0.06318224
    2    1
 -0.20727063  -0.06318224     0.03726964  -0.03910617     0.03726964  -0.03910617
  0.03726964  -0.03910617    -0.20727063  -0.06318224     0.03726964  -0.03910617
  0.03726964  -0.03910617     0.03726964  -0.03910617    -0.20727063  -0.06318224
    2    2
  0.27731471   0.00000000     0.01260912   0.00000000     0.01260912   0.00000000
  0.01260912   0.00000000     0.27731471   0.00000000     0.01260912   0.00000000
  0.01260912   0.00000000     0.01260912   0.00000000     0.27731471   0.00000000

     Dynamical  Matrix in cartesian axes

     q = (   -0.250000000  -0.250000000   0.250000000 ) 

    1    1
  0.27731471   0.00000000     0.01260912   0.00000000    -0.01260912   0.00000000
  0.01260912   0.00000000     0.27731471   0.00000000    -0.01260912   0.00000000
 -0.01260912   0.00000000    -0.01260912   0.00000000     0.27731471   0.00000000
    1    2
 -0.20727063  -0.06318224     0.03726964  -0.03910617    -0.03726964   0.03910617
  0.03726964  -0.03910617    -0.20727063  -0.06318224    -0.03726964   0.03910617
 -0.03726964   0.03910617    -0.03726964   0.03910617    -0.20727063  -0.06318224
    2    1
 -0.20727063   0.06318224     0.03726964   0.03910617    -0.03726964  -0.03910617
  0.03726964   0.03910617    -0.20727063   0.06318224    -0.03726964  -0.03910617
 -0.03726964  -0.03910617    -0.03726964  -0.03910617    -0.20727063   0.06318224
    2    2
  0.27731471   0.00000000     0.01260912   0.00000000    -0.01260912   0.00000000
  0.01260912   0.00000000     0.27731471   0.00000000    -0.01260912   0.00000000
 -0.01260912   0.00000000    -0.01260912   0.00000000     0.27731471   0.00000000

     Dynamical  Matrix in cartesian axes

     q = (   -0.250000000   0.250000000   0.250000000 ) 

    1    1
  0.27731471   0.00000000    -0.01260912   0.00000000    -0.01260912   0.00000000
 -0.01260912   0.00000000     0.27731471   0.00000000     0.01260912   0.00000000
 -0.01260912   0.00000000     0.01260912   0.00000000     0.27731471   0.00000000
    1    2
 -0.06318224  -0.20727063     0.03910617  -0.03726964     0.03910617  -0.03726964
  0.03910617  -0.03726964    -0.06318224  -0.20727063    -0.03910617   0.03726964
  0.03910617  -0.03726964    -0.03910617   0.03726964    -0.06318224  -0.20727063
    2    1
 -0.06318224   0.20727063     0.03910617   0.03726964     0.03910617   0.03726964
  0.03910617   0.03726964    -0.06318224   0.20727063    -0.03910617  -0.03726964
  0.03910617   0.03726964    -0.03910617  -0.03726964    -0.06318224   0.20727063
    2    2
  0.27731471   0.00000000    -0.01260912   0.00000000    -0.01260912   0.00000000
 -0.01260912   0.00000000     0.27731471   0.00000000     0.01260912   0.00000000
 -0.01260912   0.00000000     0.01260912   0.00000000     0.27731471   0.00000000

     Dynamical  Matrix in cartesian axes

     q = (    0.250000000   0.250000000  -0.250000000 ) 

    1    1
  0.27731471   0.00000000     0.01260912   0.00000000    -0.01260912   0.00000000
  0.01260912   0.00000000     0.27731471   0.00000000    -0.01260912   0.00000000
 -0.01260912   0.00000000    -0.01260912   0.00000000     0.27731471   0.00000000
    1    2
 -0.20727063   0.06318224     0.03726964   0.03910617    -0.03726964  -0.03910617
  0.03726964   0.03910617    -0.20727063   0.06318224    -0.03726964  -0.03910617
 -0.03726964  -0.03910617    -0.03726964  -0.03910617    -0.20727063   0.06318224
    2    1
 -0.20727063  -0.06318224     0.03726964  -0.03910617    -0.03726964   0.03910617
  0.03726964  -0.03910617    -0.20727063  -0.06318224    -0.03726964   0.03910617
 -0.03726964   0.03910617    -0.03726964   0.03910617    -0.20727063  -0.06318224
    2    2
  0.27731471   0.00000000     0.01260912   0.00000000    -0.01260912   0.00000000
  0.01260912   0.00000000     0.27731471   0.00000000    -0.01260912   0.00000000
 -0.01260912   0.00000000    -0.01260912   0.00000000     0.27731471   0.00000000

     Diagonalizing the dynamical matrix

     q = (   -0.250000000   0.250000000  -0.250000000 ) 

 **************************************************************************
     freq (    1) =       2.833054 [THz] =      94.500517 [cm-1]
 (  0.203543  0.034011 -0.363580 -0.021825 -0.567123 -0.055836 ) 
 (  0.205896  0.013904 -0.363969  0.013904 -0.569865  0.000000 ) 
     freq (    2) =       2.833054 [THz] =      94.500517 [cm-1]
 (  0.538203 -0.032933  0.445983 -0.042012 -0.092219 -0.009079 ) 
 (  0.532386 -0.085508  0.439721 -0.085508 -0.092665  0.000000 ) 
     freq (    3) =       6.776219 [THz] =     226.030324 [cm-1]
 ( -0.279413 -0.297650  0.279413  0.297650 -0.279413 -0.297650 ) 
 ( -0.408248  0.000000  0.408248  0.000000 -0.408248  0.000000 ) 
     freq (    4) =      14.488304 [THz] =     483.277787 [cm-1]
 ( -0.279413 -0.297650  0.279413  0.297650 -0.279413 -0.297650 ) 
 (  0.408248  0.000000 -0.408248 -0.000000  0.408248  0.000000 ) 
     freq (    5) =      14.690619 [THz] =     490.026307 [cm-1]
 (  0.464323  0.022046  0.528201  0.028335  0.063878  0.006289 ) 
 ( -0.464248  0.023555 -0.528435  0.023555 -0.064187  0.000000 ) 
     freq (    6) =      14.690619 [THz] =     490.026307 [cm-1]
 (  0.341021  0.030927 -0.229989 -0.025291 -0.571010 -0.056219 ) 
 ( -0.342411  0.002635  0.231361  0.002635  0.573771  0.000000 ) 
 **************************************************************************
