Dynamical matrix file
phonons on a grid                                                          
  1    2   0  10.3346008   0.0000000   0.0000000   0.0000000   0.0000000   0.0000000
Basis vectors
     -0.500000000    0.000000000    0.500000000
      0.000000000    0.500000000    0.500000000
     -0.500000000    0.500000000    0.000000000
           1  'Si     '    25597.911567706618     
    1    1      0.0000000000      0.0000000000      0.0000000000
    2    1      0.2500000000     -0.2500000000     -0.2500000000

     Dynamical  Matrix in cartesian axes

     q = (   -0.250000000   0.250000000  -0.250000000 ) 

    1    1
  0.27731511   0.00000000    -0.01260971  -0.00000000     0.01260971   0.00000000
 -0.01260971  -0.00000000     0.27731511   0.00000000    -0.01260971  -0.00000000
  0.01260971   0.00000000    -0.01260971  -0.00000000     0.27731511   0.00000000
    1    2
 -0.20726958  -0.06318084    -0.03727057   0.03910468     0.03727057  -0.03910468
 -0.03727057   0.03910468    -0.20726958  -0.06318084    -0.03727057   0.03910468
  0.03727057  -0.03910468    -0.03727057   0.03910468    -0.20726958  -0.06318084
    2    1
 -0.20726958   0.06318084    -0.03727057  -0.03910468     0.03727057   0.03910468
 -0.03727057  -0.03910468    -0.20726958   0.06318084    -0.03727057  -0.03910468
  0.03727057   0.03910468    -0.03727057  -0.03910468    -0.20726958   0.06318084
    2    2
  0.27731511  -0.00000000    -0.01260971   0.00000000     0.01260971  -0.00000000
 -0.01260971   0.00000000     0.27731511  -0.00000000    -0.01260971   0.00000000
  0.01260971  -0.00000000    -0.01260971   0.00000000     0.27731511  -0.00000000

     Dynamical  Matrix in cartesian axes

     q = (    0.250000000  -0.250000000  -0.250000000 ) 

    1    1
  0.27731511   0.00000000    -0.01260971  -0.00000000    -0.01260971  -0.00000000
 -0.01260971  -0.00000000     0.27731511   0.00000000     0.01260971   0.00000000
 -0.01260971  -0.00000000     0.01260971   0.00000000     0.27731511   0.00000000
    1    2
 -0.06318084   0.20726958     0.03910468   0.03727057     0.03910468   0.03727057
  0.03910468   0.03727057    -0.06318084   0.20726958    -0.03910468  -0.03727057
  0.03910468   0.03727057    -0.03910468  -0.03727057    -0.06318084   0.20726958
    2    1
 -0.06318084  -0.20726958     0.03910468  -0.03727057     0.03910468  -0.03727057
  0.03910468  -0.03727057    -0.06318084  -0.20726958    -0.03910468   0.03727057
  0.03910468  -0.03727057    -0.03910468   0.03727057    -0.06318084  -0.20726958
    2    2
  0.27731511  -0.00000000    -0.01260971   0.00000000    -0.01260971   0.00000000
 -0.01260971   0.00000000     0.27731511  -0.00000000     0.01260971  -0.00000000
 -0.01260971   0.00000000     0.01260971  -0.00000000     0.27731511  -0.00000000

     Dynamical  Matrix in cartesian axes

     q = (    0.250000000  -0.250000000   0.250000000 ) 

    1    1
  0.27731511  -0.00000000    -0.01260971   0.00000000     0.01260971  -0.00000000
 -0.01260971   0.00000000     0.27731511  -0.00000000    -0.01260971   0.00000000
  0.01260971  -0.00000000    -0.01260971   0.00000000     0.27731511  -0.00000000
    1    2
 -0.20726958   0.06318084    -0.03727057  -0.03910468     0.03727057   0.03910468
 -0.03727057  -0.03910468    -0.20726958   0.06318084    -0.03727057  -0.03910468
  0.03727057   0.03910468    -0.03727057  -0.03910468    -0.20726958   0.06318084
    2    1
 -0.20726958  -0.06318084    -0.03727057   0.03910468     0.03727057  -0.03910468
 -0.03727057   0.03910468    -0.20726958  -0.06318084    -0.03727057   0.03910468
  0.03727057  -0.03910468    -0.03727057   0.03910468    -0.20726958  -0.06318084
    2    2
  0.27731511   0.00000000    -0.01260971  -0.00000000     0.01260971   0.00000000
 -0.01260971  -0.00000000     0.27731511   0.00000000    -0.01260971  -0.00000000
  0.01260971   0.00000000    -0.01260971  -0.00000000     0.27731511   0.00000000

     Dynamical  Matrix in cartesian axes

     q = (    0.250000000   0.250000000   0.250000000 ) 

    1    1
  0.27731511   0.00000000     0.01260971   0.00000000     0.01260971   0.00000000
  0.01260971   0.00000000     0.27731511   0.00000000     0.01260971   0.00000000
  0.01260971   0.00000000     0.01260971   0.00000000     0.27731511   0.00000000
    1    2
 -0.20726958  -0.06318084     0.03727057  -0.03910468     0.03727057  -0.03910468
  0.03727057  -0.03910468    -0.20726958  -0.06318084     0.03727057  -0.03910468
  0.03727057  -0.03910468     0.03727057  -0.03910468    -0.20726958  -0.06318084
    2    1
 -0.20726958   0.06318084     0.03727057   0.03910468     0.03727057   0.03910468
  0.03727057   0.03910468    -0.20726958   0.06318084     0.03727057   0.03910468
  0.03727057   0.03910468     0.03727057   0.03910468    -0.20726958   0.06318084
    2    2
  0.27731511  -0.00000000     0.01260971  -0.00000000     0.01260971  -0.00000000
  0.01260971  -0.00000000     0.27731511  -0.00000000     0.01260971  -0.00000000
  0.01260971  -0.00000000     0.01260971  -0.00000000     0.27731511  -0.00000000

     Dynamical  Matrix in cartesian axes

     q = (   -0.250000000  -0.250000000  -0.250000000 ) 

    1    1
  0.27731511  -0.00000000     0.01260971  -0.00000000     0.01260971  -0.00000000
  0.01260971  -0.00000000     0.27731511  -0.00000000     0.01260971  -0.00000000
  0.01260971  -0.00000000     0.01260971  -0.00000000     0.27731511  -0.00000000
    1    2
 -0.20726958   0.06318084     0.03727057   0.03910468     0.03727057   0.03910468
  0.03727057   0.03910468    -0.20726958   0.06318084     0.03727057   0.03910468
  0.03727057   0.03910468     0.03727057   0.03910468    -0.20726958   0.06318084
    2    1
 -0.20726958  -0.06318084     0.03727057  -0.03910468     0.03727057  -0.03910468
  0.03727057  -0.03910468    -0.20726958  -0.06318084     0.03727057  -0.03910468
  0.03727057  -0.03910468     0.03727057  -0.03910468    -0.20726958  -0.06318084
    2    2
  0.27731511   0.00000000     0.01260971   0.00000000     0.01260971   0.00000000
  0.01260971   0.00000000     0.27731511   0.00000000     0.01260971   0.00000000
  0.01260971   0.00000000     0.01260971   0.00000000     0.27731511   0.00000000

     Dynamical  Matrix in cartesian axes

     q = (   -0.250000000  -0.250000000   0.250000000 ) 

    1    1
  0.27731511   0.00000000     0.01260971   0.00000000    -0.01260971  -0.00000000
  0.01260971   0.00000000     0.27731511   0.00000000    -0.01260971  -0.00000000
 -0.01260971  -0.00000000    -0.01260971  -0.00000000     0.27731511   0.00000000
    1    2
 -0.20726958  -0.06318084     0.03727057  -0.03910468    -0.03727057   0.03910468
  0.03727057  -0.03910468    -0.20726958  -0.06318084    -0.03727057   0.03910468
 -0.03727057   0.03910468    -0.03727057   0.03910468    -0.20726958  -0.06318084
    2    1
 -0.20726958   0.06318084     0.03727057   0.03910468    -0.03727057  -0.03910468
  0.03727057   0.03910468    -0.20726958   0.06318084    -0.03727057  -0.03910468
 -0.03727057  -0.03910468    -0.03727057  -0.03910468    -0.20726958   0.06318084
    2    2
  0.27731511  -0.00000000     0.01260971  -0.00000000    -0.01260971   0.00000000
  0.01260971  -0.00000000     0.27731511  -0.00000000    -0.01260971   0.00000000
 -0.01260971   0.00000000    -0.01260971   0.00000000     0.27731511  -0.00000000

     Dynamical  Matrix in cartesian axes

     q = (   -0.250000000   0.250000000   0.250000000 ) 

    1    1
  0.27731511  -0.00000000    -0.01260971   0.00000000    -0.01260971   0.00000000
 -0.01260971   0.00000000     0.27731511  -0.00000000     0.01260971  -0.00000000
 -0.01260971   0.00000000     0.01260971  -0.00000000     0.27731511  -0.00000000
    1    2
 -0.06318084  -0.20726958     0.03910468  -0.03727057     0.03910468  -0.03727057
  0.03910468  -0.03727057    -0.06318084  -0.20726958    -0.03910468   0.03727057
  0.03910468  -0.03727057    -0.03910468   0.03727057    -0.06318084  -0.20726958
    2    1
 -0.06318084   0.20726958     0.03910468   0.03727057     0.03910468   0.03727057
  0.03910468   0.03727057    -0.06318084   0.20726958    -0.03910468  -0.03727057
  0.03910468   0.03727057    -0.03910468  -0.03727057    -0.06318084   0.20726958
    2    2
  0.27731511   0.00000000    -0.01260971  -0.00000000    -0.01260971  -0.00000000
 -0.01260971  -0.00000000     0.27731511   0.00000000     0.01260971   0.00000000
 -0.01260971  -0.00000000     0.01260971   0.00000000     0.27731511   0.00000000

     Dynamical  Matrix in cartesian axes

     q = (    0.250000000   0.250000000  -0.250000000 ) 

    1    1
  0.27731511  -0.00000000     0.01260971  -0.00000000    -0.01260971   0.00000000
  0.01260971  -0.00000000     0.27731511  -0.00000000    -0.01260971   0.00000000
 -0.01260971   0.00000000    -0.01260971   0.00000000     0.27731511  -0.00000000
    1    2
 -0.20726958   0.06318084     0.03727057   0.03910468    -0.03727057  -0.03910468
  0.03727057   0.03910468    -0.20726958   0.06318084    -0.03727057  -0.03910468
 -0.03727057  -0.03910468    -0.03727057  -0.03910468    -0.20726958   0.06318084
    2    1
 -0.20726958  -0.06318084     0.03727057  -0.03910468    -0.03727057   0.03910468
  0.03727057  -0.03910468    -0.20726958  -0.06318084    -0.03727057   0.03910468
 -0.03727057   0.03910468    -0.03727057   0.03910468    -0.20726958  -0.06318084
    2    2
  0.27731511   0.00000000     0.01260971   0.00000000    -0.01260971  -0.00000000
  0.01260971   0.00000000     0.27731511   0.00000000    -0.01260971  -0.00000000
 -0.01260971  -0.00000000    -0.01260971  -0.00000000     0.27731511   0.00000000

     Diagonalizing the dynamical matrix

     q = (   -0.250000000   0.250000000  -0.250000000 ) 

 **************************************************************************
     freq (    1) =       2.833049 [THz] =      94.500334 [cm-1]
 (  0.115335 -0.481981  0.007693 -0.492579 -0.107642 -0.010598 ) 
 (  0.067555 -0.490962 -0.040607 -0.490962 -0.108162  0.000000 ) 
     freq (    2) =       2.833049 [THz] =      94.500334 [cm-1]
 (  0.270468  0.120718 -0.293932  0.065150 -0.564399 -0.055568 ) 
 (  0.280994  0.093636 -0.286134  0.093636 -0.567128  0.000000 ) 
     freq (    3) =       6.776431 [THz] =     226.037397 [cm-1]
 (  0.279414  0.297648 -0.279414 -0.297648  0.279414  0.297648 ) 
 (  0.408248  0.000000 -0.408248  0.000000  0.408248  0.000000 ) 
     freq (    4) =      14.488251 [THz] =     483.276032 [cm-1]
 (  0.279414  0.297648 -0.279414 -0.297648  0.279414  0.297648 ) 
 ( -0.408248 -0.000000  0.408248  0.000000 -0.408248  0.000000 ) 
     freq (    5) =      14.690615 [THz] =     490.026163 [cm-1]
 (  0.355987  0.009866 -0.212237 -0.046078 -0.568224 -0.055944 ) 
 ( -0.355240  0.025061  0.215731  0.025061  0.570971  0.000000 ) 
     freq (    6) =      14.690615 [THz] =     490.026163 [cm-1]
 ( -0.436908  0.124982 -0.522083  0.116596 -0.085175 -0.008386 ) 
 (  0.422560 -0.167190  0.508147 -0.167190  0.085586  0.000000 ) 
 **************************************************************************
