Dynamical matrix file
phonons on a grid                                                          
  1    2   0  10.3346008   0.0000000   0.0000000   0.0000000   0.0000000   0.0000000
Basis vectors
     -0.500000000    0.000000000    0.500000000
      0.000000000    0.500000000    0.500000000
     -0.500000000    0.500000000    0.000000000
           1  'Si     '    25597.911567706618     
    1    1      0.0000000000      0.0000000000      0.0000000000
    2    1      0.2500000000     -0.2500000000     -0.2500000000

     Dynamical  Matrix in cartesian axes

     q = (    0.750000000  -0.250000000   0.750000000 ) 

    1    1
  0.24819445   0.00000000    -0.00663430   0.00828530     0.00676102   0.00000000
 -0.00663430  -0.00828530     0.30115804   0.00000000    -0.00663430  -0.00828530
  0.00676102   0.00000000    -0.00663430   0.00828530     0.24819445   0.00000000
    1    2
 -0.06472273  -0.06274316    -0.04153294  -0.03919274     0.13134388  -0.03882345
 -0.04153294  -0.03919274    -0.08089088  -0.06215167    -0.04153294  -0.03919274
  0.13134388  -0.03882345    -0.04153294  -0.03919274    -0.06472273  -0.06274316
    2    1
 -0.06472273   0.06274316    -0.04153294   0.03919274     0.13134388   0.03882345
 -0.04153294   0.03919274    -0.08089088   0.06215167    -0.04153294   0.03919274
  0.13134388   0.03882345    -0.04153294   0.03919274    -0.06472273   0.06274316
    2    2
  0.24819445   0.00000000    -0.00663430  -0.00828530     0.00676102   0.00000000
 -0.00663430   0.00828530     0.30115804   0.00000000    -0.00663430   0.00828530
  0.00676102   0.00000000    -0.00663430  -0.00828530     0.24819445   0.00000000

     Dynamical  Matrix in cartesian axes

     q = (    0.750000000  -0.250000000  -0.750000000 ) 

    1    1
  0.24819445   0.00000000    -0.00663430  -0.00828530    -0.00676102   0.00000000
 -0.00663430   0.00828530     0.30115804   0.00000000     0.00663430  -0.00828530
 -0.00676102   0.00000000     0.00663430   0.00828530     0.24819445   0.00000000
    1    2
  0.06472273  -0.06274316     0.04153294  -0.03919274     0.13134388   0.03882345
  0.04153294  -0.03919274     0.08089088  -0.06215167    -0.04153294   0.03919274
  0.13134388   0.03882345    -0.04153294   0.03919274     0.06472273  -0.06274316
    2    1
  0.06472273   0.06274316     0.04153294   0.03919274     0.13134388  -0.03882345
  0.04153294   0.03919274     0.08089088   0.06215167    -0.04153294  -0.03919274
  0.13134388  -0.03882345    -0.04153294  -0.03919274     0.06472273   0.06274316
    2    2
  0.24819445   0.00000000    -0.00663430   0.00828530    -0.00676102   0.00000000
 -0.00663430  -0.00828530     0.30115804   0.00000000     0.00663430   0.00828530
 -0.00676102   0.00000000     0.00663430  -0.00828530     0.24819445   0.00000000

     Dynamical  Matrix in cartesian axes

     q = (   -0.750000000  -0.250000000  -0.750000000 ) 

    1    1
  0.24819445   0.00000000     0.00663430  -0.00828530     0.00676102   0.00000000
  0.00663430   0.00828530     0.30115804   0.00000000     0.00663430   0.00828530
  0.00676102   0.00000000     0.00663430  -0.00828530     0.24819445   0.00000000
    1    2
 -0.06472273  -0.06274316     0.04153294   0.03919274     0.13134388  -0.03882345
  0.04153294   0.03919274    -0.08089088  -0.06215167     0.04153294   0.03919274
  0.13134388  -0.03882345     0.04153294   0.03919274    -0.06472273  -0.06274316
    2    1
 -0.06472273   0.06274316     0.04153294  -0.03919274     0.13134388   0.03882345
  0.04153294  -0.03919274    -0.08089088   0.06215167     0.04153294  -0.03919274
  0.13134388   0.03882345     0.04153294  -0.03919274    -0.06472273   0.06274316
    2    2
  0.24819445   0.00000000     0.00663430   0.00828530     0.00676102   0.00000000
  0.00663430  -0.00828530     0.30115804   0.00000000     0.00663430  -0.00828530
  0.00676102   0.00000000     0.00663430   0.00828530     0.24819445   0.00000000

     Dynamical  Matrix in cartesian axes

     q = (   -0.750000000  -0.250000000   0.750000000 ) 

    1    1
  0.24819445   0.00000000     0.00663430   0.00828530    -0.00676102   0.00000000
  0.00663430  -0.00828530     0.30115804   0.00000000    -0.00663430   0.00828530
 -0.00676102   0.00000000    -0.00663430  -0.00828530     0.24819445   0.00000000
    1    2
 -0.06274316  -0.06472273     0.03919274   0.04153294     0.03882345  -0.13134388
  0.03919274   0.04153294    -0.06215167  -0.08089088    -0.03919274  -0.04153294
  0.03882345  -0.13134388    -0.03919274  -0.04153294    -0.06274316  -0.06472273
    2    1
 -0.06274316   0.06472273     0.03919274  -0.04153294     0.03882345   0.13134388
  0.03919274  -0.04153294    -0.06215167   0.08089088    -0.03919274   0.04153294
  0.03882345   0.13134388    -0.03919274   0.04153294    -0.06274316   0.06472273
    2    2
  0.24819445   0.00000000     0.00663430  -0.00828530    -0.00676102   0.00000000
  0.00663430   0.00828530     0.30115804   0.00000000    -0.00663430  -0.00828530
 -0.00676102   0.00000000    -0.00663430   0.00828530     0.24819445   0.00000000

     Dynamical  Matrix in cartesian axes

     q = (   -0.750000000   0.250000000  -0.750000000 ) 

    1    1
  0.24819445   0.00000000    -0.00663430  -0.00828530     0.00676102   0.00000000
 -0.00663430   0.00828530     0.30115804   0.00000000    -0.00663430   0.00828530
  0.00676102   0.00000000    -0.00663430  -0.00828530     0.24819445   0.00000000
    1    2
 -0.06472273   0.06274316    -0.04153294   0.03919274     0.13134388   0.03882345
 -0.04153294   0.03919274    -0.08089088   0.06215167    -0.04153294   0.03919274
  0.13134388   0.03882345    -0.04153294   0.03919274    -0.06472273   0.06274316
    2    1
 -0.06472273  -0.06274316    -0.04153294  -0.03919274     0.13134388  -0.03882345
 -0.04153294  -0.03919274    -0.08089088  -0.06215167    -0.04153294  -0.03919274
  0.13134388  -0.03882345    -0.04153294  -0.03919274    -0.06472273  -0.06274316
    2    2
  0.24819445   0.00000000    -0.00663430   0.00828530     0.00676102   0.00000000
 -0.00663430  -0.00828530     0.30115804   0.00000000    -0.00663430  -0.00828530
  0.00676102   0.00000000    -0.00663430   0.00828530     0.24819445   0.00000000

     Dynamical  Matrix in cartesian axes

     q = (   -0.250000000   0.750000000  -0.750000000 ) 

    1    1
  0.30115804   0.00000000    -0.00663430   0.00828530     0.00663430  -0.00828530
 -0.00663430  -0.00828530     0.24819445   0.00000000    -0.00676102   0.00000000
  0.00663430   0.00828530    -0.00676102   0.00000000     0.24819445   0.00000000
    1    2
 -0.08089088   0.06215167    -0.04153294   0.03919274     0.04153294  -0.03919274
 -0.04153294   0.03919274    -0.06472273   0.06274316    -0.13134388  -0.03882345
  0.04153294  -0.03919274    -0.13134388  -0.03882345    -0.06472273   0.06274316
    2    1
 -0.08089088  -0.06215167    -0.04153294  -0.03919274     0.04153294   0.03919274
 -0.04153294  -0.03919274    -0.06472273  -0.06274316    -0.13134388   0.03882345
  0.04153294   0.03919274    -0.13134388   0.03882345    -0.06472273  -0.06274316
    2    2
  0.30115804   0.00000000    -0.00663430  -0.00828530     0.00663430   0.00828530
 -0.00663430   0.00828530     0.24819445   0.00000000    -0.00676102   0.00000000
  0.00663430  -0.00828530    -0.00676102   0.00000000     0.24819445   0.00000000

     Dynamical  Matrix in cartesian axes

     q = (   -0.750000000   0.750000000  -0.250000000 ) 

    1    1
  0.24819445   0.00000000    -0.00676102   0.00000000     0.00663430   0.00828530
 -0.00676102   0.00000000     0.24819445   0.00000000    -0.00663430  -0.00828530
  0.00663430  -0.00828530    -0.00663430   0.00828530     0.30115804   0.00000000
    1    2
 -0.06274316  -0.06472273     0.03882345  -0.13134388     0.03919274   0.04153294
  0.03882345  -0.13134388    -0.06274316  -0.06472273    -0.03919274  -0.04153294
  0.03919274   0.04153294    -0.03919274  -0.04153294    -0.06215167  -0.08089088
    2    1
 -0.06274316   0.06472273     0.03882345   0.13134388     0.03919274  -0.04153294
  0.03882345   0.13134388    -0.06274316   0.06472273    -0.03919274   0.04153294
  0.03919274  -0.04153294    -0.03919274   0.04153294    -0.06215167   0.08089088
    2    2
  0.24819445   0.00000000    -0.00676102   0.00000000     0.00663430  -0.00828530
 -0.00676102   0.00000000     0.24819445   0.00000000    -0.00663430   0.00828530
  0.00663430   0.00828530    -0.00663430  -0.00828530     0.30115804   0.00000000

     Dynamical  Matrix in cartesian axes

     q = (    0.750000000   0.250000000   0.750000000 ) 

    1    1
  0.24819445   0.00000000     0.00663430   0.00828530     0.00676102   0.00000000
  0.00663430  -0.00828530     0.30115804   0.00000000     0.00663430  -0.00828530
  0.00676102   0.00000000     0.00663430   0.00828530     0.24819445   0.00000000
    1    2
 -0.06472273   0.06274316     0.04153294  -0.03919274     0.13134388   0.03882345
  0.04153294  -0.03919274    -0.08089088   0.06215167     0.04153294  -0.03919274
  0.13134388   0.03882345     0.04153294  -0.03919274    -0.06472273   0.06274316
    2    1
 -0.06472273  -0.06274316     0.04153294   0.03919274     0.13134388  -0.03882345
  0.04153294   0.03919274    -0.08089088  -0.06215167     0.04153294   0.03919274
  0.13134388  -0.03882345     0.04153294   0.03919274    -0.06472273  -0.06274316
    2    2
  0.24819445   0.00000000     0.00663430  -0.00828530     0.00676102   0.00000000
  0.00663430   0.00828530     0.30115804   0.00000000     0.00663430   0.00828530
  0.00676102   0.00000000     0.00663430  -0.00828530     0.24819445   0.00000000

     Dynamical  Matrix in cartesian axes

     q = (   -0.750000000   0.250000000   0.750000000 ) 

    1    1
  0.24819445   0.00000000    -0.00663430   0.00828530    -0.00676102   0.00000000
 -0.00663430  -0.00828530     0.30115804   0.00000000     0.00663430   0.00828530
 -0.00676102   0.00000000     0.00663430  -0.00828530     0.24819445   0.00000000
    1    2
  0.06472273   0.06274316     0.04153294   0.03919274     0.13134388  -0.03882345
  0.04153294   0.03919274     0.08089088   0.06215167    -0.04153294  -0.03919274
  0.13134388  -0.03882345    -0.04153294  -0.03919274     0.06472273   0.06274316
    2    1
  0.06472273  -0.06274316     0.04153294  -0.03919274     0.13134388   0.03882345
  0.04153294  -0.03919274     0.08089088  -0.06215167    -0.04153294   0.03919274
  0.13134388   0.03882345    -0.04153294   0.03919274     0.06472273  -0.06274316
    2    2
  0.24819445   0.00000000    -0.00663430  -0.00828530    -0.00676102   0.00000000
 -0.00663430   0.00828530     0.30115804   0.00000000     0.00663430  -0.00828530
 -0.00676102   0.00000000     0.00663430   0.00828530     0.24819445   0.00000000

     Dynamical  Matrix in cartesian axes

     q = (    0.750000000   0.250000000  -0.750000000 ) 

    1    1
  0.24819445   0.00000000     0.00663430  -0.00828530    -0.00676102   0.00000000
  0.00663430   0.00828530     0.30115804   0.00000000    -0.00663430  -0.00828530
 -0.00676102   0.00000000    -0.00663430   0.00828530     0.24819445   0.00000000
    1    2
 -0.06274316   0.06472273     0.03919274  -0.04153294     0.03882345   0.13134388
  0.03919274  -0.04153294    -0.06215167   0.08089088    -0.03919274   0.04153294
  0.03882345   0.13134388    -0.03919274   0.04153294    -0.06274316   0.06472273
    2    1
 -0.06274316  -0.06472273     0.03919274   0.04153294     0.03882345  -0.13134388
  0.03919274   0.04153294    -0.06215167  -0.08089088    -0.03919274  -0.04153294
  0.03882345  -0.13134388    -0.03919274  -0.04153294    -0.06274316  -0.06472273
    2    2
  0.24819445   0.00000000     0.00663430   0.00828530    -0.00676102   0.00000000
  0.00663430  -0.00828530     0.30115804   0.00000000    -0.00663430   0.00828530
 -0.00676102   0.00000000    -0.00663430  -0.00828530     0.24819445   0.00000000

     Dynamical  Matrix in cartesian axes

     q = (   -0.750000000   0.750000000   0.250000000 ) 

    1    1
  0.24819445   0.00000000    -0.00676102   0.00000000    -0.00663430   0.00828530
 -0.00676102   0.00000000     0.24819445   0.00000000     0.00663430  -0.00828530
 -0.00663430  -0.00828530     0.00663430   0.00828530     0.30115804   0.00000000
    1    2
  0.06472273   0.06274316     0.13134388  -0.03882345     0.04153294   0.03919274
  0.13134388  -0.03882345     0.06472273   0.06274316    -0.04153294  -0.03919274
  0.04153294   0.03919274    -0.04153294  -0.03919274     0.08089088   0.06215167
    2    1
  0.06472273  -0.06274316     0.13134388   0.03882345     0.04153294  -0.03919274
  0.13134388   0.03882345     0.06472273  -0.06274316    -0.04153294   0.03919274
  0.04153294  -0.03919274    -0.04153294   0.03919274     0.08089088  -0.06215167
    2    2
  0.24819445   0.00000000    -0.00676102   0.00000000    -0.00663430  -0.00828530
 -0.00676102   0.00000000     0.24819445   0.00000000     0.00663430   0.00828530
 -0.00663430   0.00828530     0.00663430  -0.00828530     0.30115804   0.00000000

     Dynamical  Matrix in cartesian axes

     q = (   -0.250000000   0.750000000   0.750000000 ) 

    1    1
  0.30115804   0.00000000    -0.00663430  -0.00828530    -0.00663430  -0.00828530
 -0.00663430   0.00828530     0.24819445   0.00000000     0.00676102   0.00000000
 -0.00663430   0.00828530     0.00676102   0.00000000     0.24819445   0.00000000
    1    2
  0.08089088   0.06215167     0.04153294   0.03919274     0.04153294   0.03919274
  0.04153294   0.03919274     0.06472273   0.06274316    -0.13134388   0.03882345
  0.04153294   0.03919274    -0.13134388   0.03882345     0.06472273   0.06274316
    2    1
  0.08089088  -0.06215167     0.04153294  -0.03919274     0.04153294  -0.03919274
  0.04153294  -0.03919274     0.06472273  -0.06274316    -0.13134388  -0.03882345
  0.04153294  -0.03919274    -0.13134388  -0.03882345     0.06472273  -0.06274316
    2    2
  0.30115804   0.00000000    -0.00663430   0.00828530    -0.00663430   0.00828530
 -0.00663430  -0.00828530     0.24819445   0.00000000     0.00676102   0.00000000
 -0.00663430  -0.00828530     0.00676102   0.00000000     0.24819445   0.00000000

     Dynamical  Matrix in cartesian axes

     q = (    0.250000000   0.750000000  -0.750000000 ) 

    1    1
  0.30115804   0.00000000     0.00663430   0.00828530    -0.00663430  -0.00828530
  0.00663430  -0.00828530     0.24819445   0.00000000    -0.00676102   0.00000000
 -0.00663430   0.00828530    -0.00676102   0.00000000     0.24819445   0.00000000
    1    2
 -0.08089088  -0.06215167     0.04153294   0.03919274    -0.04153294  -0.03919274
  0.04153294   0.03919274    -0.06472273  -0.06274316    -0.13134388   0.03882345
 -0.04153294  -0.03919274    -0.13134388   0.03882345    -0.06472273  -0.06274316
    2    1
 -0.08089088   0.06215167     0.04153294  -0.03919274    -0.04153294   0.03919274
  0.04153294  -0.03919274    -0.06472273   0.06274316    -0.13134388  -0.03882345
 -0.04153294   0.03919274    -0.13134388  -0.03882345    -0.06472273   0.06274316
    2    2
  0.30115804   0.00000000     0.00663430  -0.00828530    -0.00663430   0.00828530
  0.00663430   0.00828530     0.24819445   0.00000000    -0.00676102   0.00000000
 -0.00663430  -0.00828530    -0.00676102   0.00000000     0.24819445   0.00000000

     Dynamical  Matrix in cartesian axes

     q = (   -0.250000000  -0.750000000  -0.750000000 ) 

    1    1
  0.30115804   0.00000000     0.00663430   0.00828530     0.00663430   0.00828530
  0.00663430  -0.00828530     0.24819445   0.00000000     0.00676102   0.00000000
  0.00663430  -0.00828530     0.00676102   0.00000000     0.24819445   0.00000000
    1    2
 -0.06215167   0.08089088     0.03919274  -0.04153294     0.03919274  -0.04153294
  0.03919274  -0.04153294    -0.06274316   0.06472273    -0.03882345  -0.13134388
  0.03919274  -0.04153294    -0.03882345  -0.13134388    -0.06274316   0.06472273
    2    1
 -0.06215167  -0.08089088     0.03919274   0.04153294     0.03919274   0.04153294
  0.03919274   0.04153294    -0.06274316  -0.06472273    -0.03882345   0.13134388
  0.03919274   0.04153294    -0.03882345   0.13134388    -0.06274316  -0.06472273
    2    2
  0.30115804   0.00000000     0.00663430  -0.00828530     0.00663430  -0.00828530
  0.00663430   0.00828530     0.24819445   0.00000000     0.00676102   0.00000000
  0.00663430   0.00828530     0.00676102   0.00000000     0.24819445   0.00000000

     Dynamical  Matrix in cartesian axes

     q = (    0.750000000   0.750000000  -0.250000000 ) 

    1    1
  0.24819445   0.00000000     0.00676102   0.00000000    -0.00663430   0.00828530
  0.00676102   0.00000000     0.24819445   0.00000000    -0.00663430   0.00828530
 -0.00663430  -0.00828530    -0.00663430  -0.00828530     0.30115804   0.00000000
    1    2
 -0.06472273  -0.06274316     0.13134388  -0.03882345    -0.04153294  -0.03919274
  0.13134388  -0.03882345    -0.06472273  -0.06274316    -0.04153294  -0.03919274
 -0.04153294  -0.03919274    -0.04153294  -0.03919274    -0.08089088  -0.06215167
    2    1
 -0.06472273   0.06274316     0.13134388   0.03882345    -0.04153294   0.03919274
  0.13134388   0.03882345    -0.06472273   0.06274316    -0.04153294   0.03919274
 -0.04153294   0.03919274    -0.04153294   0.03919274    -0.08089088   0.06215167
    2    2
  0.24819445   0.00000000     0.00676102   0.00000000    -0.00663430  -0.00828530
  0.00676102   0.00000000     0.24819445   0.00000000    -0.00663430  -0.00828530
 -0.00663430   0.00828530    -0.00663430   0.00828530     0.30115804   0.00000000

     Dynamical  Matrix in cartesian axes

     q = (    0.750000000  -0.750000000   0.250000000 ) 

    1    1
  0.24819445   0.00000000    -0.00676102   0.00000000     0.00663430  -0.00828530
 -0.00676102   0.00000000     0.24819445   0.00000000    -0.00663430   0.00828530
  0.00663430   0.00828530    -0.00663430  -0.00828530     0.30115804   0.00000000
    1    2
 -0.06274316   0.06472273     0.03882345   0.13134388     0.03919274  -0.04153294
  0.03882345   0.13134388    -0.06274316   0.06472273    -0.03919274   0.04153294
  0.03919274  -0.04153294    -0.03919274   0.04153294    -0.06215167   0.08089088
    2    1
 -0.06274316  -0.06472273     0.03882345  -0.13134388     0.03919274   0.04153294
  0.03882345  -0.13134388    -0.06274316  -0.06472273    -0.03919274  -0.04153294
  0.03919274   0.04153294    -0.03919274  -0.04153294    -0.06215167  -0.08089088
    2    2
  0.24819445   0.00000000    -0.00676102   0.00000000     0.00663430   0.00828530
 -0.00676102   0.00000000     0.24819445   0.00000000    -0.00663430  -0.00828530
  0.00663430  -0.00828530    -0.00663430   0.00828530     0.30115804   0.00000000

     Dynamical  Matrix in cartesian axes

     q = (   -0.750000000  -0.750000000  -0.250000000 ) 

    1    1
  0.24819445   0.00000000     0.00676102   0.00000000     0.00663430  -0.00828530
  0.00676102   0.00000000     0.24819445   0.00000000     0.00663430  -0.00828530
  0.00663430   0.00828530     0.00663430   0.00828530     0.30115804   0.00000000
    1    2
 -0.06472273  -0.06274316     0.13134388  -0.03882345     0.04153294   0.03919274
  0.13134388  -0.03882345    -0.06472273  -0.06274316     0.04153294   0.03919274
  0.04153294   0.03919274     0.04153294   0.03919274    -0.08089088  -0.06215167
    2    1
 -0.06472273   0.06274316     0.13134388   0.03882345     0.04153294  -0.03919274
  0.13134388   0.03882345    -0.06472273   0.06274316     0.04153294  -0.03919274
  0.04153294  -0.03919274     0.04153294  -0.03919274    -0.08089088   0.06215167
    2    2
  0.24819445   0.00000000     0.00676102   0.00000000     0.00663430   0.00828530
  0.00676102   0.00000000     0.24819445   0.00000000     0.00663430   0.00828530
  0.00663430  -0.00828530     0.00663430  -0.00828530     0.30115804   0.00000000

     Dynamical  Matrix in cartesian axes

     q = (    0.250000000  -0.750000000   0.750000000 ) 

    1    1
  0.30115804   0.00000000    -0.00663430  -0.00828530     0.00663430   0.00828530
 -0.00663430   0.00828530     0.24819445   0.00000000    -0.00676102   0.00000000
  0.00663430  -0.00828530    -0.00676102   0.00000000     0.24819445   0.00000000
    1    2
 -0.08089088  -0.06215167    -0.04153294  -0.03919274     0.04153294   0.03919274
 -0.04153294  -0.03919274    -0.06472273  -0.06274316    -0.13134388   0.03882345
  0.04153294   0.03919274    -0.13134388   0.03882345    -0.06472273  -0.06274316
    2    1
 -0.08089088   0.06215167    -0.04153294   0.03919274     0.04153294  -0.03919274
 -0.04153294   0.03919274    -0.06472273   0.06274316    -0.13134388  -0.03882345
  0.04153294  -0.03919274    -0.13134388  -0.03882345    -0.06472273   0.06274316
    2    2
  0.30115804   0.00000000    -0.00663430   0.00828530     0.00663430  -0.00828530
 -0.00663430  -0.00828530     0.24819445   0.00000000    -0.00676102   0.00000000
  0.00663430   0.00828530    -0.00676102   0.00000000     0.24819445   0.00000000

     Dynamical  Matrix in cartesian axes

     q = (   -0.750000000  -0.750000000   0.250000000 ) 

    1    1
  0.24819445   0.00000000     0.00676102   0.00000000    -0.00663430  -0.00828530
  0.00676102   0.00000000     0.24819445   0.00000000    -0.00663430  -0.00828530
 -0.00663430   0.00828530    -0.00663430   0.00828530     0.30115804   0.00000000
    1    2
 -0.06472273   0.06274316     0.13134388   0.03882345    -0.04153294   0.03919274
  0.13134388   0.03882345    -0.06472273   0.06274316    -0.04153294   0.03919274
 -0.04153294   0.03919274    -0.04153294   0.03919274    -0.08089088   0.06215167
    2    1
 -0.06472273  -0.06274316     0.13134388  -0.03882345    -0.04153294  -0.03919274
  0.13134388  -0.03882345    -0.06472273  -0.06274316    -0.04153294  -0.03919274
 -0.04153294  -0.03919274    -0.04153294  -0.03919274    -0.08089088  -0.06215167
    2    2
  0.24819445   0.00000000     0.00676102   0.00000000    -0.00663430   0.00828530
  0.00676102   0.00000000     0.24819445   0.00000000    -0.00663430   0.00828530
 -0.00663430  -0.00828530    -0.00663430  -0.00828530     0.30115804   0.00000000

     Dynamical  Matrix in cartesian axes

     q = (    0.250000000   0.750000000   0.750000000 ) 

    1    1
  0.30115804   0.00000000     0.00663430  -0.00828530     0.00663430  -0.00828530
  0.00663430   0.00828530     0.24819445   0.00000000     0.00676102   0.00000000
  0.00663430   0.00828530     0.00676102   0.00000000     0.24819445   0.00000000
    1    2
 -0.06215167  -0.08089088     0.03919274   0.04153294     0.03919274   0.04153294
  0.03919274   0.04153294    -0.06274316  -0.06472273    -0.03882345   0.13134388
  0.03919274   0.04153294    -0.03882345   0.13134388    -0.06274316  -0.06472273
    2    1
 -0.06215167   0.08089088     0.03919274  -0.04153294     0.03919274  -0.04153294
  0.03919274  -0.04153294    -0.06274316   0.06472273    -0.03882345  -0.13134388
  0.03919274  -0.04153294    -0.03882345  -0.13134388    -0.06274316   0.06472273
    2    2
  0.30115804   0.00000000     0.00663430   0.00828530     0.00663430   0.00828530
  0.00663430  -0.00828530     0.24819445   0.00000000     0.00676102   0.00000000
  0.00663430  -0.00828530     0.00676102   0.00000000     0.24819445   0.00000000

     Dynamical  Matrix in cartesian axes

     q = (   -0.250000000  -0.750000000   0.750000000 ) 

    1    1
  0.30115804   0.00000000     0.00663430  -0.00828530    -0.00663430   0.00828530
  0.00663430   0.00828530     0.24819445   0.00000000    -0.00676102   0.00000000
 -0.00663430  -0.00828530    -0.00676102   0.00000000     0.24819445   0.00000000
    1    2
 -0.08089088   0.06215167     0.04153294  -0.03919274    -0.04153294   0.03919274
  0.04153294  -0.03919274    -0.06472273   0.06274316    -0.13134388  -0.03882345
 -0.04153294   0.03919274    -0.13134388  -0.03882345    -0.06472273   0.06274316
    2    1
 -0.08089088  -0.06215167     0.04153294   0.03919274    -0.04153294  -0.03919274
  0.04153294   0.03919274    -0.06472273  -0.06274316    -0.13134388   0.03882345
 -0.04153294  -0.03919274    -0.13134388   0.03882345    -0.06472273  -0.06274316
    2    2
  0.30115804   0.00000000     0.00663430   0.00828530    -0.00663430  -0.00828530
  0.00663430  -0.00828530     0.24819445   0.00000000    -0.00676102   0.00000000
 -0.00663430   0.00828530    -0.00676102   0.00000000     0.24819445   0.00000000

     Dynamical  Matrix in cartesian axes

     q = (    0.750000000   0.750000000   0.250000000 ) 

    1    1
  0.24819445   0.00000000     0.00676102   0.00000000     0.00663430   0.00828530
  0.00676102   0.00000000     0.24819445   0.00000000     0.00663430   0.00828530
  0.00663430  -0.00828530     0.00663430  -0.00828530     0.30115804   0.00000000
    1    2
 -0.06472273   0.06274316     0.13134388   0.03882345     0.04153294  -0.03919274
  0.13134388   0.03882345    -0.06472273   0.06274316     0.04153294  -0.03919274
  0.04153294  -0.03919274     0.04153294  -0.03919274    -0.08089088   0.06215167
    2    1
 -0.06472273  -0.06274316     0.13134388  -0.03882345     0.04153294   0.03919274
  0.13134388  -0.03882345    -0.06472273  -0.06274316     0.04153294   0.03919274
  0.04153294   0.03919274     0.04153294   0.03919274    -0.08089088  -0.06215167
    2    2
  0.24819445   0.00000000     0.00676102   0.00000000     0.00663430  -0.00828530
  0.00676102   0.00000000     0.24819445   0.00000000     0.00663430  -0.00828530
  0.00663430   0.00828530     0.00663430   0.00828530     0.30115804   0.00000000

     Dynamical  Matrix in cartesian axes

     q = (    0.250000000  -0.750000000  -0.750000000 ) 

    1    1
  0.30115804   0.00000000    -0.00663430   0.00828530    -0.00663430   0.00828530
 -0.00663430  -0.00828530     0.24819445   0.00000000     0.00676102   0.00000000
 -0.00663430  -0.00828530     0.00676102   0.00000000     0.24819445   0.00000000
    1    2
  0.08089088  -0.06215167     0.04153294  -0.03919274     0.04153294  -0.03919274
  0.04153294  -0.03919274     0.06472273  -0.06274316    -0.13134388  -0.03882345
  0.04153294  -0.03919274    -0.13134388  -0.03882345     0.06472273  -0.06274316
    2    1
  0.08089088   0.06215167     0.04153294   0.03919274     0.04153294   0.03919274
  0.04153294   0.03919274     0.06472273   0.06274316    -0.13134388   0.03882345
  0.04153294   0.03919274    -0.13134388   0.03882345     0.06472273   0.06274316
    2    2
  0.30115804   0.00000000    -0.00663430  -0.00828530    -0.00663430  -0.00828530
 -0.00663430   0.00828530     0.24819445   0.00000000     0.00676102   0.00000000
 -0.00663430   0.00828530     0.00676102   0.00000000     0.24819445   0.00000000

     Dynamical  Matrix in cartesian axes

     q = (    0.750000000  -0.750000000  -0.250000000 ) 

    1    1
  0.24819445   0.00000000    -0.00676102   0.00000000    -0.00663430  -0.00828530
 -0.00676102   0.00000000     0.24819445   0.00000000     0.00663430   0.00828530
 -0.00663430   0.00828530     0.00663430  -0.00828530     0.30115804   0.00000000
    1    2
  0.06472273  -0.06274316     0.13134388   0.03882345     0.04153294  -0.03919274
  0.13134388   0.03882345     0.06472273  -0.06274316    -0.04153294   0.03919274
  0.04153294  -0.03919274    -0.04153294   0.03919274     0.08089088  -0.06215167
    2    1
  0.06472273   0.06274316     0.13134388  -0.03882345     0.04153294   0.03919274
  0.13134388  -0.03882345     0.06472273   0.06274316    -0.04153294  -0.03919274
  0.04153294   0.03919274    -0.04153294  -0.03919274     0.08089088   0.06215167
    2    2
  0.24819445   0.00000000    -0.00676102   0.00000000    -0.00663430   0.00828530
 -0.00676102   0.00000000     0.24819445   0.00000000     0.00663430  -0.00828530
 -0.00663430  -0.00828530     0.00663430   0.00828530     0.30115804   0.00000000

     Diagonalizing the dynamical matrix

     q = (    0.750000000  -0.250000000   0.750000000 ) 

 **************************************************************************
     freq (    1) =       4.308936 [THz] =     143.730617 [cm-1]
 (  0.496320  0.060550 -0.000000 -0.000000 -0.496320 -0.060550 ) 
 (  0.500000  0.000000 -0.000000 -0.000000 -0.500000  0.000000 ) 
     freq (    2) =       6.152095 [THz] =     205.211790 [cm-1]
 (  0.135854 -0.396430 -0.156140 -0.352695  0.135854 -0.396430 ) 
 ( -0.419062 -0.000000 -0.283029 -0.262047 -0.419062  0.000000 ) 
     freq (    3) =       9.445937 [THz] =     315.082541 [cm-1]
 (  0.305675  0.082731 -0.370427  0.402766  0.305675  0.082731 ) 
 ( -0.316673  0.000000  0.252339  0.485553 -0.316673  0.000000 ) 
     freq (    4) =      12.125800 [THz] =     404.473139 [cm-1]
 ( -0.316763  0.121560  0.320471 -0.408739 -0.316763  0.121560 ) 
 ( -0.339287  0.000000  0.445639  0.266786 -0.339287  0.000000 ) 
     freq (    5) =      13.623294 [THz] =     454.424185 [cm-1]
 (  0.496320  0.060550  0.000000 -0.000000 -0.496320 -0.060550 ) 
 ( -0.500000  0.000000  0.000000 -0.000000  0.500000  0.000000 ) 
     freq (    6) =      14.005428 [THz] =     467.170791 [cm-1]
 (  0.140116 -0.298927 -0.224166 -0.481426  0.140116 -0.298927 ) 
 (  0.330136 -0.000000  0.340775  0.407301  0.330136 -0.000000 ) 
 **************************************************************************
