Dynamical matrix file
phonons on a grid                                                          
  1    2   0  10.3346008   0.0000000   0.0000000   0.0000000   0.0000000   0.0000000
Basis vectors
     -0.500000000    0.000000000    0.500000000
      0.000000000    0.500000000    0.500000000
     -0.500000000    0.500000000    0.000000000
           1  'Si     '    25597.911567706618     
    1    1      0.0000000000      0.0000000000      0.0000000000
    2    1      0.2500000000     -0.2500000000     -0.2500000000

     Dynamical  Matrix in cartesian axes

     q = (    0.750000000  -0.250000000   0.750000000 ) 

    1    1
  0.24819274   0.00000000    -0.00662625   0.00828177     0.00675939   0.00000000
 -0.00662625  -0.00828177     0.30114623   0.00000000    -0.00662625  -0.00828177
  0.00675939   0.00000000    -0.00662625   0.00828177     0.24819274   0.00000000
    1    2
 -0.06472244  -0.06274929    -0.04153344  -0.03918310     0.13134418  -0.03882948
 -0.04153344  -0.03918310    -0.08088403  -0.06217902    -0.04153344  -0.03918310
  0.13134418  -0.03882948    -0.04153344  -0.03918310    -0.06472244  -0.06274929
    2    1
 -0.06472244   0.06274929    -0.04153344   0.03918310     0.13134418   0.03882948
 -0.04153344   0.03918310    -0.08088403   0.06217902    -0.04153344   0.03918310
  0.13134418   0.03882948    -0.04153344   0.03918310    -0.06472244   0.06274929
    2    2
  0.24819274   0.00000000    -0.00662625  -0.00828177     0.00675939   0.00000000
 -0.00662625   0.00828177     0.30114623   0.00000000    -0.00662625   0.00828177
  0.00675939   0.00000000    -0.00662625  -0.00828177     0.24819274   0.00000000

     Dynamical  Matrix in cartesian axes

     q = (    0.750000000  -0.250000000  -0.750000000 ) 

    1    1
  0.24819274   0.00000000    -0.00662625  -0.00828177    -0.00675939   0.00000000
 -0.00662625   0.00828177     0.30114623   0.00000000     0.00662625  -0.00828177
 -0.00675939   0.00000000     0.00662625   0.00828177     0.24819274   0.00000000
    1    2
  0.06472244  -0.06274929     0.04153344  -0.03918310     0.13134418   0.03882948
  0.04153344  -0.03918310     0.08088403  -0.06217902    -0.04153344   0.03918310
  0.13134418   0.03882948    -0.04153344   0.03918310     0.06472244  -0.06274929
    2    1
  0.06472244   0.06274929     0.04153344   0.03918310     0.13134418  -0.03882948
  0.04153344   0.03918310     0.08088403   0.06217902    -0.04153344  -0.03918310
  0.13134418  -0.03882948    -0.04153344  -0.03918310     0.06472244   0.06274929
    2    2
  0.24819274   0.00000000    -0.00662625   0.00828177    -0.00675939   0.00000000
 -0.00662625  -0.00828177     0.30114623   0.00000000     0.00662625   0.00828177
 -0.00675939   0.00000000     0.00662625  -0.00828177     0.24819274   0.00000000

     Dynamical  Matrix in cartesian axes

     q = (   -0.750000000  -0.250000000  -0.750000000 ) 

    1    1
  0.24819274   0.00000000     0.00662625  -0.00828177     0.00675939   0.00000000
  0.00662625   0.00828177     0.30114623   0.00000000     0.00662625   0.00828177
  0.00675939   0.00000000     0.00662625  -0.00828177     0.24819274   0.00000000
    1    2
 -0.06472244  -0.06274929     0.04153344   0.03918310     0.13134418  -0.03882948
  0.04153344   0.03918310    -0.08088403  -0.06217902     0.04153344   0.03918310
  0.13134418  -0.03882948     0.04153344   0.03918310    -0.06472244  -0.06274929
    2    1
 -0.06472244   0.06274929     0.04153344  -0.03918310     0.13134418   0.03882948
  0.04153344  -0.03918310    -0.08088403   0.06217902     0.04153344  -0.03918310
  0.13134418   0.03882948     0.04153344  -0.03918310    -0.06472244   0.06274929
    2    2
  0.24819274   0.00000000     0.00662625   0.00828177     0.00675939   0.00000000
  0.00662625  -0.00828177     0.30114623   0.00000000     0.00662625  -0.00828177
  0.00675939   0.00000000     0.00662625   0.00828177     0.24819274   0.00000000

     Dynamical  Matrix in cartesian axes

     q = (   -0.750000000  -0.250000000   0.750000000 ) 

    1    1
  0.24819274   0.00000000     0.00662625   0.00828177    -0.00675939   0.00000000
  0.00662625  -0.00828177     0.30114623   0.00000000    -0.00662625   0.00828177
 -0.00675939   0.00000000    -0.00662625  -0.00828177     0.24819274   0.00000000
    1    2
 -0.06274929  -0.06472244     0.03918310   0.04153344     0.03882948  -0.13134418
  0.03918310   0.04153344    -0.06217902  -0.08088403    -0.03918310  -0.04153344
  0.03882948  -0.13134418    -0.03918310  -0.04153344    -0.06274929  -0.06472244
    2    1
 -0.06274929   0.06472244     0.03918310  -0.04153344     0.03882948   0.13134418
  0.03918310  -0.04153344    -0.06217902   0.08088403    -0.03918310   0.04153344
  0.03882948   0.13134418    -0.03918310   0.04153344    -0.06274929   0.06472244
    2    2
  0.24819274   0.00000000     0.00662625  -0.00828177    -0.00675939   0.00000000
  0.00662625   0.00828177     0.30114623   0.00000000    -0.00662625  -0.00828177
 -0.00675939   0.00000000    -0.00662625   0.00828177     0.24819274   0.00000000

     Dynamical  Matrix in cartesian axes

     q = (   -0.750000000   0.250000000  -0.750000000 ) 

    1    1
  0.24819274   0.00000000    -0.00662625  -0.00828177     0.00675939   0.00000000
 -0.00662625   0.00828177     0.30114623   0.00000000    -0.00662625   0.00828177
  0.00675939   0.00000000    -0.00662625  -0.00828177     0.24819274   0.00000000
    1    2
 -0.06472244   0.06274929    -0.04153344   0.03918310     0.13134418   0.03882948
 -0.04153344   0.03918310    -0.08088403   0.06217902    -0.04153344   0.03918310
  0.13134418   0.03882948    -0.04153344   0.03918310    -0.06472244   0.06274929
    2    1
 -0.06472244  -0.06274929    -0.04153344  -0.03918310     0.13134418  -0.03882948
 -0.04153344  -0.03918310    -0.08088403  -0.06217902    -0.04153344  -0.03918310
  0.13134418  -0.03882948    -0.04153344  -0.03918310    -0.06472244  -0.06274929
    2    2
  0.24819274   0.00000000    -0.00662625   0.00828177     0.00675939   0.00000000
 -0.00662625  -0.00828177     0.30114623   0.00000000    -0.00662625  -0.00828177
  0.00675939   0.00000000    -0.00662625   0.00828177     0.24819274   0.00000000

     Dynamical  Matrix in cartesian axes

     q = (   -0.250000000   0.750000000  -0.750000000 ) 

    1    1
  0.30114623   0.00000000    -0.00662625   0.00828177     0.00662625  -0.00828177
 -0.00662625  -0.00828177     0.24819274   0.00000000    -0.00675939   0.00000000
  0.00662625   0.00828177    -0.00675939   0.00000000     0.24819274   0.00000000
    1    2
 -0.08088403   0.06217902    -0.04153344   0.03918310     0.04153344  -0.03918310
 -0.04153344   0.03918310    -0.06472244   0.06274929    -0.13134418  -0.03882948
  0.04153344  -0.03918310    -0.13134418  -0.03882948    -0.06472244   0.06274929
    2    1
 -0.08088403  -0.06217902    -0.04153344  -0.03918310     0.04153344   0.03918310
 -0.04153344  -0.03918310    -0.06472244  -0.06274929    -0.13134418   0.03882948
  0.04153344   0.03918310    -0.13134418   0.03882948    -0.06472244  -0.06274929
    2    2
  0.30114623   0.00000000    -0.00662625  -0.00828177     0.00662625   0.00828177
 -0.00662625   0.00828177     0.24819274   0.00000000    -0.00675939   0.00000000
  0.00662625  -0.00828177    -0.00675939   0.00000000     0.24819274   0.00000000

     Dynamical  Matrix in cartesian axes

     q = (   -0.750000000   0.750000000  -0.250000000 ) 

    1    1
  0.24819274   0.00000000    -0.00675939   0.00000000     0.00662625   0.00828177
 -0.00675939   0.00000000     0.24819274   0.00000000    -0.00662625  -0.00828177
  0.00662625  -0.00828177    -0.00662625   0.00828177     0.30114623   0.00000000
    1    2
 -0.06274929  -0.06472244     0.03882948  -0.13134418     0.03918310   0.04153344
  0.03882948  -0.13134418    -0.06274929  -0.06472244    -0.03918310  -0.04153344
  0.03918310   0.04153344    -0.03918310  -0.04153344    -0.06217902  -0.08088403
    2    1
 -0.06274929   0.06472244     0.03882948   0.13134418     0.03918310  -0.04153344
  0.03882948   0.13134418    -0.06274929   0.06472244    -0.03918310   0.04153344
  0.03918310  -0.04153344    -0.03918310   0.04153344    -0.06217902   0.08088403
    2    2
  0.24819274   0.00000000    -0.00675939   0.00000000     0.00662625  -0.00828177
 -0.00675939   0.00000000     0.24819274   0.00000000    -0.00662625   0.00828177
  0.00662625   0.00828177    -0.00662625  -0.00828177     0.30114623   0.00000000

     Dynamical  Matrix in cartesian axes

     q = (    0.750000000   0.250000000   0.750000000 ) 

    1    1
  0.24819274   0.00000000     0.00662625   0.00828177     0.00675939   0.00000000
  0.00662625  -0.00828177     0.30114623   0.00000000     0.00662625  -0.00828177
  0.00675939   0.00000000     0.00662625   0.00828177     0.24819274   0.00000000
    1    2
 -0.06472244   0.06274929     0.04153344  -0.03918310     0.13134418   0.03882948
  0.04153344  -0.03918310    -0.08088403   0.06217902     0.04153344  -0.03918310
  0.13134418   0.03882948     0.04153344  -0.03918310    -0.06472244   0.06274929
    2    1
 -0.06472244  -0.06274929     0.04153344   0.03918310     0.13134418  -0.03882948
  0.04153344   0.03918310    -0.08088403  -0.06217902     0.04153344   0.03918310
  0.13134418  -0.03882948     0.04153344   0.03918310    -0.06472244  -0.06274929
    2    2
  0.24819274   0.00000000     0.00662625  -0.00828177     0.00675939   0.00000000
  0.00662625   0.00828177     0.30114623   0.00000000     0.00662625   0.00828177
  0.00675939   0.00000000     0.00662625  -0.00828177     0.24819274   0.00000000

     Dynamical  Matrix in cartesian axes

     q = (   -0.750000000   0.250000000   0.750000000 ) 

    1    1
  0.24819274   0.00000000    -0.00662625   0.00828177    -0.00675939   0.00000000
 -0.00662625  -0.00828177     0.30114623   0.00000000     0.00662625   0.00828177
 -0.00675939   0.00000000     0.00662625  -0.00828177     0.24819274   0.00000000
    1    2
  0.06472244   0.06274929     0.04153344   0.03918310     0.13134418  -0.03882948
  0.04153344   0.03918310     0.08088403   0.06217902    -0.04153344  -0.03918310
  0.13134418  -0.03882948    -0.04153344  -0.03918310     0.06472244   0.06274929
    2    1
  0.06472244  -0.06274929     0.04153344  -0.03918310     0.13134418   0.03882948
  0.04153344  -0.03918310     0.08088403  -0.06217902    -0.04153344   0.03918310
  0.13134418   0.03882948    -0.04153344   0.03918310     0.06472244  -0.06274929
    2    2
  0.24819274   0.00000000    -0.00662625  -0.00828177    -0.00675939   0.00000000
 -0.00662625   0.00828177     0.30114623   0.00000000     0.00662625  -0.00828177
 -0.00675939   0.00000000     0.00662625   0.00828177     0.24819274   0.00000000

     Dynamical  Matrix in cartesian axes

     q = (    0.750000000   0.250000000  -0.750000000 ) 

    1    1
  0.24819274   0.00000000     0.00662625  -0.00828177    -0.00675939   0.00000000
  0.00662625   0.00828177     0.30114623   0.00000000    -0.00662625  -0.00828177
 -0.00675939   0.00000000    -0.00662625   0.00828177     0.24819274   0.00000000
    1    2
 -0.06274929   0.06472244     0.03918310  -0.04153344     0.03882948   0.13134418
  0.03918310  -0.04153344    -0.06217902   0.08088403    -0.03918310   0.04153344
  0.03882948   0.13134418    -0.03918310   0.04153344    -0.06274929   0.06472244
    2    1
 -0.06274929  -0.06472244     0.03918310   0.04153344     0.03882948  -0.13134418
  0.03918310   0.04153344    -0.06217902  -0.08088403    -0.03918310  -0.04153344
  0.03882948  -0.13134418    -0.03918310  -0.04153344    -0.06274929  -0.06472244
    2    2
  0.24819274   0.00000000     0.00662625   0.00828177    -0.00675939   0.00000000
  0.00662625  -0.00828177     0.30114623   0.00000000    -0.00662625   0.00828177
 -0.00675939   0.00000000    -0.00662625  -0.00828177     0.24819274   0.00000000

     Dynamical  Matrix in cartesian axes

     q = (   -0.750000000   0.750000000   0.250000000 ) 

    1    1
  0.24819274   0.00000000    -0.00675939   0.00000000    -0.00662625   0.00828177
 -0.00675939   0.00000000     0.24819274   0.00000000     0.00662625  -0.00828177
 -0.00662625  -0.00828177     0.00662625   0.00828177     0.30114623   0.00000000
    1    2
  0.06472244   0.06274929     0.13134418  -0.03882948     0.04153344   0.03918310
  0.13134418  -0.03882948     0.06472244   0.06274929    -0.04153344  -0.03918310
  0.04153344   0.03918310    -0.04153344  -0.03918310     0.08088403   0.06217902
    2    1
  0.06472244  -0.06274929     0.13134418   0.03882948     0.04153344  -0.03918310
  0.13134418   0.03882948     0.06472244  -0.06274929    -0.04153344   0.03918310
  0.04153344  -0.03918310    -0.04153344   0.03918310     0.08088403  -0.06217902
    2    2
  0.24819274   0.00000000    -0.00675939   0.00000000    -0.00662625  -0.00828177
 -0.00675939   0.00000000     0.24819274   0.00000000     0.00662625   0.00828177
 -0.00662625   0.00828177     0.00662625  -0.00828177     0.30114623   0.00000000

     Dynamical  Matrix in cartesian axes

     q = (   -0.250000000   0.750000000   0.750000000 ) 

    1    1
  0.30114623   0.00000000    -0.00662625  -0.00828177    -0.00662625  -0.00828177
 -0.00662625   0.00828177     0.24819274   0.00000000     0.00675939   0.00000000
 -0.00662625   0.00828177     0.00675939   0.00000000     0.24819274   0.00000000
    1    2
  0.08088403   0.06217902     0.04153344   0.03918310     0.04153344   0.03918310
  0.04153344   0.03918310     0.06472244   0.06274929    -0.13134418   0.03882948
  0.04153344   0.03918310    -0.13134418   0.03882948     0.06472244   0.06274929
    2    1
  0.08088403  -0.06217902     0.04153344  -0.03918310     0.04153344  -0.03918310
  0.04153344  -0.03918310     0.06472244  -0.06274929    -0.13134418  -0.03882948
  0.04153344  -0.03918310    -0.13134418  -0.03882948     0.06472244  -0.06274929
    2    2
  0.30114623   0.00000000    -0.00662625   0.00828177    -0.00662625   0.00828177
 -0.00662625  -0.00828177     0.24819274   0.00000000     0.00675939   0.00000000
 -0.00662625  -0.00828177     0.00675939   0.00000000     0.24819274   0.00000000

     Dynamical  Matrix in cartesian axes

     q = (    0.250000000   0.750000000  -0.750000000 ) 

    1    1
  0.30114623   0.00000000     0.00662625   0.00828177    -0.00662625  -0.00828177
  0.00662625  -0.00828177     0.24819274   0.00000000    -0.00675939   0.00000000
 -0.00662625   0.00828177    -0.00675939   0.00000000     0.24819274   0.00000000
    1    2
 -0.08088403  -0.06217902     0.04153344   0.03918310    -0.04153344  -0.03918310
  0.04153344   0.03918310    -0.06472244  -0.06274929    -0.13134418   0.03882948
 -0.04153344  -0.03918310    -0.13134418   0.03882948    -0.06472244  -0.06274929
    2    1
 -0.08088403   0.06217902     0.04153344  -0.03918310    -0.04153344   0.03918310
  0.04153344  -0.03918310    -0.06472244   0.06274929    -0.13134418  -0.03882948
 -0.04153344   0.03918310    -0.13134418  -0.03882948    -0.06472244   0.06274929
    2    2
  0.30114623   0.00000000     0.00662625  -0.00828177    -0.00662625   0.00828177
  0.00662625   0.00828177     0.24819274   0.00000000    -0.00675939   0.00000000
 -0.00662625  -0.00828177    -0.00675939   0.00000000     0.24819274   0.00000000

     Dynamical  Matrix in cartesian axes

     q = (   -0.250000000  -0.750000000  -0.750000000 ) 

    1    1
  0.30114623   0.00000000     0.00662625   0.00828177     0.00662625   0.00828177
  0.00662625  -0.00828177     0.24819274   0.00000000     0.00675939   0.00000000
  0.00662625  -0.00828177     0.00675939   0.00000000     0.24819274   0.00000000
    1    2
 -0.06217902   0.08088403     0.03918310  -0.04153344     0.03918310  -0.04153344
  0.03918310  -0.04153344    -0.06274929   0.06472244    -0.03882948  -0.13134418
  0.03918310  -0.04153344    -0.03882948  -0.13134418    -0.06274929   0.06472244
    2    1
 -0.06217902  -0.08088403     0.03918310   0.04153344     0.03918310   0.04153344
  0.03918310   0.04153344    -0.06274929  -0.06472244    -0.03882948   0.13134418
  0.03918310   0.04153344    -0.03882948   0.13134418    -0.06274929  -0.06472244
    2    2
  0.30114623   0.00000000     0.00662625  -0.00828177     0.00662625  -0.00828177
  0.00662625   0.00828177     0.24819274   0.00000000     0.00675939   0.00000000
  0.00662625   0.00828177     0.00675939   0.00000000     0.24819274   0.00000000

     Dynamical  Matrix in cartesian axes

     q = (    0.750000000   0.750000000  -0.250000000 ) 

    1    1
  0.24819274   0.00000000     0.00675939   0.00000000    -0.00662625   0.00828177
  0.00675939   0.00000000     0.24819274   0.00000000    -0.00662625   0.00828177
 -0.00662625  -0.00828177    -0.00662625  -0.00828177     0.30114623   0.00000000
    1    2
 -0.06472244  -0.06274929     0.13134418  -0.03882948    -0.04153344  -0.03918310
  0.13134418  -0.03882948    -0.06472244  -0.06274929    -0.04153344  -0.03918310
 -0.04153344  -0.03918310    -0.04153344  -0.03918310    -0.08088403  -0.06217902
    2    1
 -0.06472244   0.06274929     0.13134418   0.03882948    -0.04153344   0.03918310
  0.13134418   0.03882948    -0.06472244   0.06274929    -0.04153344   0.03918310
 -0.04153344   0.03918310    -0.04153344   0.03918310    -0.08088403   0.06217902
    2    2
  0.24819274   0.00000000     0.00675939   0.00000000    -0.00662625  -0.00828177
  0.00675939   0.00000000     0.24819274   0.00000000    -0.00662625  -0.00828177
 -0.00662625   0.00828177    -0.00662625   0.00828177     0.30114623   0.00000000

     Dynamical  Matrix in cartesian axes

     q = (    0.750000000  -0.750000000   0.250000000 ) 

    1    1
  0.24819274   0.00000000    -0.00675939   0.00000000     0.00662625  -0.00828177
 -0.00675939   0.00000000     0.24819274   0.00000000    -0.00662625   0.00828177
  0.00662625   0.00828177    -0.00662625  -0.00828177     0.30114623   0.00000000
    1    2
 -0.06274929   0.06472244     0.03882948   0.13134418     0.03918310  -0.04153344
  0.03882948   0.13134418    -0.06274929   0.06472244    -0.03918310   0.04153344
  0.03918310  -0.04153344    -0.03918310   0.04153344    -0.06217902   0.08088403
    2    1
 -0.06274929  -0.06472244     0.03882948  -0.13134418     0.03918310   0.04153344
  0.03882948  -0.13134418    -0.06274929  -0.06472244    -0.03918310  -0.04153344
  0.03918310   0.04153344    -0.03918310  -0.04153344    -0.06217902  -0.08088403
    2    2
  0.24819274   0.00000000    -0.00675939   0.00000000     0.00662625   0.00828177
 -0.00675939   0.00000000     0.24819274   0.00000000    -0.00662625  -0.00828177
  0.00662625  -0.00828177    -0.00662625   0.00828177     0.30114623   0.00000000

     Dynamical  Matrix in cartesian axes

     q = (   -0.750000000  -0.750000000  -0.250000000 ) 

    1    1
  0.24819274   0.00000000     0.00675939   0.00000000     0.00662625  -0.00828177
  0.00675939   0.00000000     0.24819274   0.00000000     0.00662625  -0.00828177
  0.00662625   0.00828177     0.00662625   0.00828177     0.30114623   0.00000000
    1    2
 -0.06472244  -0.06274929     0.13134418  -0.03882948     0.04153344   0.03918310
  0.13134418  -0.03882948    -0.06472244  -0.06274929     0.04153344   0.03918310
  0.04153344   0.03918310     0.04153344   0.03918310    -0.08088403  -0.06217902
    2    1
 -0.06472244   0.06274929     0.13134418   0.03882948     0.04153344  -0.03918310
  0.13134418   0.03882948    -0.06472244   0.06274929     0.04153344  -0.03918310
  0.04153344  -0.03918310     0.04153344  -0.03918310    -0.08088403   0.06217902
    2    2
  0.24819274   0.00000000     0.00675939   0.00000000     0.00662625   0.00828177
  0.00675939   0.00000000     0.24819274   0.00000000     0.00662625   0.00828177
  0.00662625  -0.00828177     0.00662625  -0.00828177     0.30114623   0.00000000

     Dynamical  Matrix in cartesian axes

     q = (    0.250000000  -0.750000000   0.750000000 ) 

    1    1
  0.30114623   0.00000000    -0.00662625  -0.00828177     0.00662625   0.00828177
 -0.00662625   0.00828177     0.24819274   0.00000000    -0.00675939   0.00000000
  0.00662625  -0.00828177    -0.00675939   0.00000000     0.24819274   0.00000000
    1    2
 -0.08088403  -0.06217902    -0.04153344  -0.03918310     0.04153344   0.03918310
 -0.04153344  -0.03918310    -0.06472244  -0.06274929    -0.13134418   0.03882948
  0.04153344   0.03918310    -0.13134418   0.03882948    -0.06472244  -0.06274929
    2    1
 -0.08088403   0.06217902    -0.04153344   0.03918310     0.04153344  -0.03918310
 -0.04153344   0.03918310    -0.06472244   0.06274929    -0.13134418  -0.03882948
  0.04153344  -0.03918310    -0.13134418  -0.03882948    -0.06472244   0.06274929
    2    2
  0.30114623   0.00000000    -0.00662625   0.00828177     0.00662625  -0.00828177
 -0.00662625  -0.00828177     0.24819274   0.00000000    -0.00675939   0.00000000
  0.00662625   0.00828177    -0.00675939   0.00000000     0.24819274   0.00000000

     Dynamical  Matrix in cartesian axes

     q = (   -0.750000000  -0.750000000   0.250000000 ) 

    1    1
  0.24819274   0.00000000     0.00675939   0.00000000    -0.00662625  -0.00828177
  0.00675939   0.00000000     0.24819274   0.00000000    -0.00662625  -0.00828177
 -0.00662625   0.00828177    -0.00662625   0.00828177     0.30114623   0.00000000
    1    2
 -0.06472244   0.06274929     0.13134418   0.03882948    -0.04153344   0.03918310
  0.13134418   0.03882948    -0.06472244   0.06274929    -0.04153344   0.03918310
 -0.04153344   0.03918310    -0.04153344   0.03918310    -0.08088403   0.06217902
    2    1
 -0.06472244  -0.06274929     0.13134418  -0.03882948    -0.04153344  -0.03918310
  0.13134418  -0.03882948    -0.06472244  -0.06274929    -0.04153344  -0.03918310
 -0.04153344  -0.03918310    -0.04153344  -0.03918310    -0.08088403  -0.06217902
    2    2
  0.24819274   0.00000000     0.00675939   0.00000000    -0.00662625   0.00828177
  0.00675939   0.00000000     0.24819274   0.00000000    -0.00662625   0.00828177
 -0.00662625  -0.00828177    -0.00662625  -0.00828177     0.30114623   0.00000000

     Dynamical  Matrix in cartesian axes

     q = (    0.250000000   0.750000000   0.750000000 ) 

    1    1
  0.30114623   0.00000000     0.00662625  -0.00828177     0.00662625  -0.00828177
  0.00662625   0.00828177     0.24819274   0.00000000     0.00675939   0.00000000
  0.00662625   0.00828177     0.00675939   0.00000000     0.24819274   0.00000000
    1    2
 -0.06217902  -0.08088403     0.03918310   0.04153344     0.03918310   0.04153344
  0.03918310   0.04153344    -0.06274929  -0.06472244    -0.03882948   0.13134418
  0.03918310   0.04153344    -0.03882948   0.13134418    -0.06274929  -0.06472244
    2    1
 -0.06217902   0.08088403     0.03918310  -0.04153344     0.03918310  -0.04153344
  0.03918310  -0.04153344    -0.06274929   0.06472244    -0.03882948  -0.13134418
  0.03918310  -0.04153344    -0.03882948  -0.13134418    -0.06274929   0.06472244
    2    2
  0.30114623   0.00000000     0.00662625   0.00828177     0.00662625   0.00828177
  0.00662625  -0.00828177     0.24819274   0.00000000     0.00675939   0.00000000
  0.00662625  -0.00828177     0.00675939   0.00000000     0.24819274   0.00000000

     Dynamical  Matrix in cartesian axes

     q = (   -0.250000000  -0.750000000   0.750000000 ) 

    1    1
  0.30114623   0.00000000     0.00662625  -0.00828177    -0.00662625   0.00828177
  0.00662625   0.00828177     0.24819274   0.00000000    -0.00675939   0.00000000
 -0.00662625  -0.00828177    -0.00675939   0.00000000     0.24819274   0.00000000
    1    2
 -0.08088403   0.06217902     0.04153344  -0.03918310    -0.04153344   0.03918310
  0.04153344  -0.03918310    -0.06472244   0.06274929    -0.13134418  -0.03882948
 -0.04153344   0.03918310    -0.13134418  -0.03882948    -0.06472244   0.06274929
    2    1
 -0.08088403  -0.06217902     0.04153344   0.03918310    -0.04153344  -0.03918310
  0.04153344   0.03918310    -0.06472244  -0.06274929    -0.13134418   0.03882948
 -0.04153344  -0.03918310    -0.13134418   0.03882948    -0.06472244  -0.06274929
    2    2
  0.30114623   0.00000000     0.00662625   0.00828177    -0.00662625  -0.00828177
  0.00662625  -0.00828177     0.24819274   0.00000000    -0.00675939   0.00000000
 -0.00662625   0.00828177    -0.00675939   0.00000000     0.24819274   0.00000000

     Dynamical  Matrix in cartesian axes

     q = (    0.750000000   0.750000000   0.250000000 ) 

    1    1
  0.24819274   0.00000000     0.00675939   0.00000000     0.00662625   0.00828177
  0.00675939   0.00000000     0.24819274   0.00000000     0.00662625   0.00828177
  0.00662625  -0.00828177     0.00662625  -0.00828177     0.30114623   0.00000000
    1    2
 -0.06472244   0.06274929     0.13134418   0.03882948     0.04153344  -0.03918310
  0.13134418   0.03882948    -0.06472244   0.06274929     0.04153344  -0.03918310
  0.04153344  -0.03918310     0.04153344  -0.03918310    -0.08088403   0.06217902
    2    1
 -0.06472244  -0.06274929     0.13134418  -0.03882948     0.04153344   0.03918310
  0.13134418  -0.03882948    -0.06472244  -0.06274929     0.04153344   0.03918310
  0.04153344   0.03918310     0.04153344   0.03918310    -0.08088403  -0.06217902
    2    2
  0.24819274   0.00000000     0.00675939   0.00000000     0.00662625  -0.00828177
  0.00675939   0.00000000     0.24819274   0.00000000     0.00662625  -0.00828177
  0.00662625   0.00828177     0.00662625   0.00828177     0.30114623   0.00000000

     Dynamical  Matrix in cartesian axes

     q = (    0.250000000  -0.750000000  -0.750000000 ) 

    1    1
  0.30114623   0.00000000    -0.00662625   0.00828177    -0.00662625   0.00828177
 -0.00662625  -0.00828177     0.24819274   0.00000000     0.00675939   0.00000000
 -0.00662625  -0.00828177     0.00675939   0.00000000     0.24819274   0.00000000
    1    2
  0.08088403  -0.06217902     0.04153344  -0.03918310     0.04153344  -0.03918310
  0.04153344  -0.03918310     0.06472244  -0.06274929    -0.13134418  -0.03882948
  0.04153344  -0.03918310    -0.13134418  -0.03882948     0.06472244  -0.06274929
    2    1
  0.08088403   0.06217902     0.04153344   0.03918310     0.04153344   0.03918310
  0.04153344   0.03918310     0.06472244   0.06274929    -0.13134418   0.03882948
  0.04153344   0.03918310    -0.13134418   0.03882948     0.06472244   0.06274929
    2    2
  0.30114623   0.00000000    -0.00662625  -0.00828177    -0.00662625  -0.00828177
 -0.00662625   0.00828177     0.24819274   0.00000000     0.00675939   0.00000000
 -0.00662625   0.00828177     0.00675939   0.00000000     0.24819274   0.00000000

     Dynamical  Matrix in cartesian axes

     q = (    0.750000000  -0.750000000  -0.250000000 ) 

    1    1
  0.24819274   0.00000000    -0.00675939   0.00000000    -0.00662625  -0.00828177
 -0.00675939   0.00000000     0.24819274   0.00000000     0.00662625   0.00828177
 -0.00662625   0.00828177     0.00662625  -0.00828177     0.30114623   0.00000000
    1    2
  0.06472244  -0.06274929     0.13134418   0.03882948     0.04153344  -0.03918310
  0.13134418   0.03882948     0.06472244  -0.06274929    -0.04153344   0.03918310
  0.04153344  -0.03918310    -0.04153344   0.03918310     0.08088403  -0.06217902
    2    1
  0.06472244   0.06274929     0.13134418  -0.03882948     0.04153344   0.03918310
  0.13134418  -0.03882948     0.06472244   0.06274929    -0.04153344  -0.03918310
  0.04153344   0.03918310    -0.04153344  -0.03918310     0.08088403   0.06217902
    2    2
  0.24819274   0.00000000    -0.00675939   0.00000000    -0.00662625   0.00828177
 -0.00675939   0.00000000     0.24819274   0.00000000     0.00662625  -0.00828177
 -0.00662625  -0.00828177     0.00662625   0.00828177     0.30114623   0.00000000

     Diagonalizing the dynamical matrix

     q = (    0.750000000  -0.250000000   0.750000000 ) 

 **************************************************************************
     freq (    1) =       4.308930 [THz] =     143.730435 [cm-1]
 ( -0.496320 -0.060550 -0.000000  0.000000  0.496320  0.060550 ) 
 ( -0.500000  0.000000  0.000000  0.000000  0.500000  0.000000 ) 
     freq (    2) =       6.152103 [THz] =     205.212054 [cm-1]
 ( -0.135867  0.396438  0.156129  0.352672 -0.135867  0.396438 ) 
 (  0.419074 -0.000000  0.283004  0.262035  0.419074  0.000000 ) 
     freq (    3) =       9.445210 [THz] =     315.058290 [cm-1]
 (  0.305652  0.082645 -0.370424  0.402839  0.305652  0.082645 ) 
 ( -0.316628 -0.000000  0.252436  0.485561 -0.316628  0.000000 ) 
     freq (    4) =      12.126033 [THz] =     404.480932 [cm-1]
 (  0.316764 -0.121635 -0.320404  0.408745  0.316764 -0.121635 ) 
 (  0.339315 -0.000000 -0.445634 -0.266724  0.339315  0.000000 ) 
     freq (    5) =      13.623294 [THz] =     454.424157 [cm-1]
 ( -0.496320 -0.060550  0.000000  0.000000  0.496320  0.060550 ) 
 (  0.500000  0.000000 -0.000000 -0.000000 -0.500000  0.000000 ) 
     freq (    6) =      14.005255 [THz] =     467.165013 [cm-1]
 (  0.140045 -0.298959 -0.224147 -0.481436  0.140045 -0.298959 ) 
 (  0.330135  0.000000  0.340887  0.407208  0.330135  0.000000 ) 
 **************************************************************************
