Dynamical matrix file
phonons on a grid                                                          
  1    2   0  10.3346008   0.0000000   0.0000000   0.0000000   0.0000000   0.0000000
Basis vectors
     -0.500000000    0.000000000    0.500000000
      0.000000000    0.500000000    0.500000000
     -0.500000000    0.500000000    0.000000000
           1  'Si     '    25597.911567706618     
    1    1      0.0000000000      0.0000000000      0.0000000000
    2    1      0.2500000000     -0.2500000000     -0.2500000000

     Dynamical  Matrix in cartesian axes

     q = (    0.750000000  -0.250000000   0.750000000 ) 

    1    1
  0.24819155   0.00000000    -0.00662147   0.00828629     0.00675809   0.00000000
 -0.00662147  -0.00828629     0.30114397   0.00000000    -0.00662147  -0.00828629
  0.00675809   0.00000000    -0.00662147   0.00828629     0.24819155   0.00000000
    1    2
 -0.06472042  -0.06275744    -0.04153104  -0.03917584     0.13134627  -0.03883763
 -0.04153104  -0.03917584    -0.08089379  -0.06217352    -0.04153104  -0.03917584
  0.13134627  -0.03883763    -0.04153104  -0.03917584    -0.06472042  -0.06275744
    2    1
 -0.06472042   0.06275744    -0.04153104   0.03917584     0.13134627   0.03883763
 -0.04153104   0.03917584    -0.08089379   0.06217352    -0.04153104   0.03917584
  0.13134627   0.03883763    -0.04153104   0.03917584    -0.06472042   0.06275744
    2    2
  0.24819155   0.00000000    -0.00662147  -0.00828629     0.00675809   0.00000000
 -0.00662147   0.00828629     0.30114397   0.00000000    -0.00662147   0.00828629
  0.00675809   0.00000000    -0.00662147  -0.00828629     0.24819155   0.00000000

     Dynamical  Matrix in cartesian axes

     q = (    0.750000000  -0.250000000  -0.750000000 ) 

    1    1
  0.24819155   0.00000000    -0.00662147  -0.00828629    -0.00675809   0.00000000
 -0.00662147   0.00828629     0.30114397   0.00000000     0.00662147  -0.00828629
 -0.00675809   0.00000000     0.00662147   0.00828629     0.24819155   0.00000000
    1    2
  0.06472042  -0.06275744     0.04153104  -0.03917584     0.13134627   0.03883763
  0.04153104  -0.03917584     0.08089379  -0.06217352    -0.04153104   0.03917584
  0.13134627   0.03883763    -0.04153104   0.03917584     0.06472042  -0.06275744
    2    1
  0.06472042   0.06275744     0.04153104   0.03917584     0.13134627  -0.03883763
  0.04153104   0.03917584     0.08089379   0.06217352    -0.04153104  -0.03917584
  0.13134627  -0.03883763    -0.04153104  -0.03917584     0.06472042   0.06275744
    2    2
  0.24819155   0.00000000    -0.00662147   0.00828629    -0.00675809   0.00000000
 -0.00662147  -0.00828629     0.30114397   0.00000000     0.00662147   0.00828629
 -0.00675809   0.00000000     0.00662147  -0.00828629     0.24819155   0.00000000

     Dynamical  Matrix in cartesian axes

     q = (   -0.750000000  -0.250000000  -0.750000000 ) 

    1    1
  0.24819155   0.00000000     0.00662147  -0.00828629     0.00675809   0.00000000
  0.00662147   0.00828629     0.30114397   0.00000000     0.00662147   0.00828629
  0.00675809   0.00000000     0.00662147  -0.00828629     0.24819155   0.00000000
    1    2
 -0.06472042  -0.06275744     0.04153104   0.03917584     0.13134627  -0.03883763
  0.04153104   0.03917584    -0.08089379  -0.06217352     0.04153104   0.03917584
  0.13134627  -0.03883763     0.04153104   0.03917584    -0.06472042  -0.06275744
    2    1
 -0.06472042   0.06275744     0.04153104  -0.03917584     0.13134627   0.03883763
  0.04153104  -0.03917584    -0.08089379   0.06217352     0.04153104  -0.03917584
  0.13134627   0.03883763     0.04153104  -0.03917584    -0.06472042   0.06275744
    2    2
  0.24819155   0.00000000     0.00662147   0.00828629     0.00675809   0.00000000
  0.00662147  -0.00828629     0.30114397   0.00000000     0.00662147  -0.00828629
  0.00675809   0.00000000     0.00662147   0.00828629     0.24819155   0.00000000

     Dynamical  Matrix in cartesian axes

     q = (   -0.750000000  -0.250000000   0.750000000 ) 

    1    1
  0.24819155   0.00000000     0.00662147   0.00828629    -0.00675809   0.00000000
  0.00662147  -0.00828629     0.30114397   0.00000000    -0.00662147   0.00828629
 -0.00675809   0.00000000    -0.00662147  -0.00828629     0.24819155   0.00000000
    1    2
 -0.06275744  -0.06472042     0.03917584   0.04153104     0.03883763  -0.13134627
  0.03917584   0.04153104    -0.06217352  -0.08089379    -0.03917584  -0.04153104
  0.03883763  -0.13134627    -0.03917584  -0.04153104    -0.06275744  -0.06472042
    2    1
 -0.06275744   0.06472042     0.03917584  -0.04153104     0.03883763   0.13134627
  0.03917584  -0.04153104    -0.06217352   0.08089379    -0.03917584   0.04153104
  0.03883763   0.13134627    -0.03917584   0.04153104    -0.06275744   0.06472042
    2    2
  0.24819155   0.00000000     0.00662147  -0.00828629    -0.00675809   0.00000000
  0.00662147   0.00828629     0.30114397   0.00000000    -0.00662147  -0.00828629
 -0.00675809   0.00000000    -0.00662147   0.00828629     0.24819155   0.00000000

     Dynamical  Matrix in cartesian axes

     q = (   -0.750000000   0.250000000  -0.750000000 ) 

    1    1
  0.24819155   0.00000000    -0.00662147  -0.00828629     0.00675809   0.00000000
 -0.00662147   0.00828629     0.30114397   0.00000000    -0.00662147   0.00828629
  0.00675809   0.00000000    -0.00662147  -0.00828629     0.24819155   0.00000000
    1    2
 -0.06472042   0.06275744    -0.04153104   0.03917584     0.13134627   0.03883763
 -0.04153104   0.03917584    -0.08089379   0.06217352    -0.04153104   0.03917584
  0.13134627   0.03883763    -0.04153104   0.03917584    -0.06472042   0.06275744
    2    1
 -0.06472042  -0.06275744    -0.04153104  -0.03917584     0.13134627  -0.03883763
 -0.04153104  -0.03917584    -0.08089379  -0.06217352    -0.04153104  -0.03917584
  0.13134627  -0.03883763    -0.04153104  -0.03917584    -0.06472042  -0.06275744
    2    2
  0.24819155   0.00000000    -0.00662147   0.00828629     0.00675809   0.00000000
 -0.00662147  -0.00828629     0.30114397   0.00000000    -0.00662147  -0.00828629
  0.00675809   0.00000000    -0.00662147   0.00828629     0.24819155   0.00000000

     Dynamical  Matrix in cartesian axes

     q = (   -0.250000000   0.750000000  -0.750000000 ) 

    1    1
  0.30114397   0.00000000    -0.00662147   0.00828629     0.00662147  -0.00828629
 -0.00662147  -0.00828629     0.24819155   0.00000000    -0.00675809   0.00000000
  0.00662147   0.00828629    -0.00675809   0.00000000     0.24819155   0.00000000
    1    2
 -0.08089379   0.06217352    -0.04153104   0.03917584     0.04153104  -0.03917584
 -0.04153104   0.03917584    -0.06472042   0.06275744    -0.13134627  -0.03883763
  0.04153104  -0.03917584    -0.13134627  -0.03883763    -0.06472042   0.06275744
    2    1
 -0.08089379  -0.06217352    -0.04153104  -0.03917584     0.04153104   0.03917584
 -0.04153104  -0.03917584    -0.06472042  -0.06275744    -0.13134627   0.03883763
  0.04153104   0.03917584    -0.13134627   0.03883763    -0.06472042  -0.06275744
    2    2
  0.30114397   0.00000000    -0.00662147  -0.00828629     0.00662147   0.00828629
 -0.00662147   0.00828629     0.24819155   0.00000000    -0.00675809   0.00000000
  0.00662147  -0.00828629    -0.00675809   0.00000000     0.24819155   0.00000000

     Dynamical  Matrix in cartesian axes

     q = (   -0.750000000   0.750000000  -0.250000000 ) 

    1    1
  0.24819155   0.00000000    -0.00675809   0.00000000     0.00662147   0.00828629
 -0.00675809   0.00000000     0.24819155   0.00000000    -0.00662147  -0.00828629
  0.00662147  -0.00828629    -0.00662147   0.00828629     0.30114397   0.00000000
    1    2
 -0.06275744  -0.06472042     0.03883763  -0.13134627     0.03917584   0.04153104
  0.03883763  -0.13134627    -0.06275744  -0.06472042    -0.03917584  -0.04153104
  0.03917584   0.04153104    -0.03917584  -0.04153104    -0.06217352  -0.08089379
    2    1
 -0.06275744   0.06472042     0.03883763   0.13134627     0.03917584  -0.04153104
  0.03883763   0.13134627    -0.06275744   0.06472042    -0.03917584   0.04153104
  0.03917584  -0.04153104    -0.03917584   0.04153104    -0.06217352   0.08089379
    2    2
  0.24819155   0.00000000    -0.00675809   0.00000000     0.00662147  -0.00828629
 -0.00675809   0.00000000     0.24819155   0.00000000    -0.00662147   0.00828629
  0.00662147   0.00828629    -0.00662147  -0.00828629     0.30114397   0.00000000

     Dynamical  Matrix in cartesian axes

     q = (    0.750000000   0.250000000   0.750000000 ) 

    1    1
  0.24819155   0.00000000     0.00662147   0.00828629     0.00675809   0.00000000
  0.00662147  -0.00828629     0.30114397   0.00000000     0.00662147  -0.00828629
  0.00675809   0.00000000     0.00662147   0.00828629     0.24819155   0.00000000
    1    2
 -0.06472042   0.06275744     0.04153104  -0.03917584     0.13134627   0.03883763
  0.04153104  -0.03917584    -0.08089379   0.06217352     0.04153104  -0.03917584
  0.13134627   0.03883763     0.04153104  -0.03917584    -0.06472042   0.06275744
    2    1
 -0.06472042  -0.06275744     0.04153104   0.03917584     0.13134627  -0.03883763
  0.04153104   0.03917584    -0.08089379  -0.06217352     0.04153104   0.03917584
  0.13134627  -0.03883763     0.04153104   0.03917584    -0.06472042  -0.06275744
    2    2
  0.24819155   0.00000000     0.00662147  -0.00828629     0.00675809   0.00000000
  0.00662147   0.00828629     0.30114397   0.00000000     0.00662147   0.00828629
  0.00675809   0.00000000     0.00662147  -0.00828629     0.24819155   0.00000000

     Dynamical  Matrix in cartesian axes

     q = (   -0.750000000   0.250000000   0.750000000 ) 

    1    1
  0.24819155   0.00000000    -0.00662147   0.00828629    -0.00675809   0.00000000
 -0.00662147  -0.00828629     0.30114397   0.00000000     0.00662147   0.00828629
 -0.00675809   0.00000000     0.00662147  -0.00828629     0.24819155   0.00000000
    1    2
  0.06472042   0.06275744     0.04153104   0.03917584     0.13134627  -0.03883763
  0.04153104   0.03917584     0.08089379   0.06217352    -0.04153104  -0.03917584
  0.13134627  -0.03883763    -0.04153104  -0.03917584     0.06472042   0.06275744
    2    1
  0.06472042  -0.06275744     0.04153104  -0.03917584     0.13134627   0.03883763
  0.04153104  -0.03917584     0.08089379  -0.06217352    -0.04153104   0.03917584
  0.13134627   0.03883763    -0.04153104   0.03917584     0.06472042  -0.06275744
    2    2
  0.24819155   0.00000000    -0.00662147  -0.00828629    -0.00675809   0.00000000
 -0.00662147   0.00828629     0.30114397   0.00000000     0.00662147  -0.00828629
 -0.00675809   0.00000000     0.00662147   0.00828629     0.24819155   0.00000000

     Dynamical  Matrix in cartesian axes

     q = (    0.750000000   0.250000000  -0.750000000 ) 

    1    1
  0.24819155   0.00000000     0.00662147  -0.00828629    -0.00675809   0.00000000
  0.00662147   0.00828629     0.30114397   0.00000000    -0.00662147  -0.00828629
 -0.00675809   0.00000000    -0.00662147   0.00828629     0.24819155   0.00000000
    1    2
 -0.06275744   0.06472042     0.03917584  -0.04153104     0.03883763   0.13134627
  0.03917584  -0.04153104    -0.06217352   0.08089379    -0.03917584   0.04153104
  0.03883763   0.13134627    -0.03917584   0.04153104    -0.06275744   0.06472042
    2    1
 -0.06275744  -0.06472042     0.03917584   0.04153104     0.03883763  -0.13134627
  0.03917584   0.04153104    -0.06217352  -0.08089379    -0.03917584  -0.04153104
  0.03883763  -0.13134627    -0.03917584  -0.04153104    -0.06275744  -0.06472042
    2    2
  0.24819155   0.00000000     0.00662147   0.00828629    -0.00675809   0.00000000
  0.00662147  -0.00828629     0.30114397   0.00000000    -0.00662147   0.00828629
 -0.00675809   0.00000000    -0.00662147  -0.00828629     0.24819155   0.00000000

     Dynamical  Matrix in cartesian axes

     q = (   -0.750000000   0.750000000   0.250000000 ) 

    1    1
  0.24819155   0.00000000    -0.00675809   0.00000000    -0.00662147   0.00828629
 -0.00675809   0.00000000     0.24819155   0.00000000     0.00662147  -0.00828629
 -0.00662147  -0.00828629     0.00662147   0.00828629     0.30114397   0.00000000
    1    2
  0.06472042   0.06275744     0.13134627  -0.03883763     0.04153104   0.03917584
  0.13134627  -0.03883763     0.06472042   0.06275744    -0.04153104  -0.03917584
  0.04153104   0.03917584    -0.04153104  -0.03917584     0.08089379   0.06217352
    2    1
  0.06472042  -0.06275744     0.13134627   0.03883763     0.04153104  -0.03917584
  0.13134627   0.03883763     0.06472042  -0.06275744    -0.04153104   0.03917584
  0.04153104  -0.03917584    -0.04153104   0.03917584     0.08089379  -0.06217352
    2    2
  0.24819155   0.00000000    -0.00675809   0.00000000    -0.00662147  -0.00828629
 -0.00675809   0.00000000     0.24819155   0.00000000     0.00662147   0.00828629
 -0.00662147   0.00828629     0.00662147  -0.00828629     0.30114397   0.00000000

     Dynamical  Matrix in cartesian axes

     q = (   -0.250000000   0.750000000   0.750000000 ) 

    1    1
  0.30114397   0.00000000    -0.00662147  -0.00828629    -0.00662147  -0.00828629
 -0.00662147   0.00828629     0.24819155   0.00000000     0.00675809   0.00000000
 -0.00662147   0.00828629     0.00675809   0.00000000     0.24819155   0.00000000
    1    2
  0.08089379   0.06217352     0.04153104   0.03917584     0.04153104   0.03917584
  0.04153104   0.03917584     0.06472042   0.06275744    -0.13134627   0.03883763
  0.04153104   0.03917584    -0.13134627   0.03883763     0.06472042   0.06275744
    2    1
  0.08089379  -0.06217352     0.04153104  -0.03917584     0.04153104  -0.03917584
  0.04153104  -0.03917584     0.06472042  -0.06275744    -0.13134627  -0.03883763
  0.04153104  -0.03917584    -0.13134627  -0.03883763     0.06472042  -0.06275744
    2    2
  0.30114397   0.00000000    -0.00662147   0.00828629    -0.00662147   0.00828629
 -0.00662147  -0.00828629     0.24819155   0.00000000     0.00675809   0.00000000
 -0.00662147  -0.00828629     0.00675809   0.00000000     0.24819155   0.00000000

     Dynamical  Matrix in cartesian axes

     q = (    0.250000000   0.750000000  -0.750000000 ) 

    1    1
  0.30114397   0.00000000     0.00662147   0.00828629    -0.00662147  -0.00828629
  0.00662147  -0.00828629     0.24819155   0.00000000    -0.00675809   0.00000000
 -0.00662147   0.00828629    -0.00675809   0.00000000     0.24819155   0.00000000
    1    2
 -0.08089379  -0.06217352     0.04153104   0.03917584    -0.04153104  -0.03917584
  0.04153104   0.03917584    -0.06472042  -0.06275744    -0.13134627   0.03883763
 -0.04153104  -0.03917584    -0.13134627   0.03883763    -0.06472042  -0.06275744
    2    1
 -0.08089379   0.06217352     0.04153104  -0.03917584    -0.04153104   0.03917584
  0.04153104  -0.03917584    -0.06472042   0.06275744    -0.13134627  -0.03883763
 -0.04153104   0.03917584    -0.13134627  -0.03883763    -0.06472042   0.06275744
    2    2
  0.30114397   0.00000000     0.00662147  -0.00828629    -0.00662147   0.00828629
  0.00662147   0.00828629     0.24819155   0.00000000    -0.00675809   0.00000000
 -0.00662147  -0.00828629    -0.00675809   0.00000000     0.24819155   0.00000000

     Dynamical  Matrix in cartesian axes

     q = (   -0.250000000  -0.750000000  -0.750000000 ) 

    1    1
  0.30114397   0.00000000     0.00662147   0.00828629     0.00662147   0.00828629
  0.00662147  -0.00828629     0.24819155   0.00000000     0.00675809   0.00000000
  0.00662147  -0.00828629     0.00675809   0.00000000     0.24819155   0.00000000
    1    2
 -0.06217352   0.08089379     0.03917584  -0.04153104     0.03917584  -0.04153104
  0.03917584  -0.04153104    -0.06275744   0.06472042    -0.03883763  -0.13134627
  0.03917584  -0.04153104    -0.03883763  -0.13134627    -0.06275744   0.06472042
    2    1
 -0.06217352  -0.08089379     0.03917584   0.04153104     0.03917584   0.04153104
  0.03917584   0.04153104    -0.06275744  -0.06472042    -0.03883763   0.13134627
  0.03917584   0.04153104    -0.03883763   0.13134627    -0.06275744  -0.06472042
    2    2
  0.30114397   0.00000000     0.00662147  -0.00828629     0.00662147  -0.00828629
  0.00662147   0.00828629     0.24819155   0.00000000     0.00675809   0.00000000
  0.00662147   0.00828629     0.00675809   0.00000000     0.24819155   0.00000000

     Dynamical  Matrix in cartesian axes

     q = (    0.750000000   0.750000000  -0.250000000 ) 

    1    1
  0.24819155   0.00000000     0.00675809   0.00000000    -0.00662147   0.00828629
  0.00675809   0.00000000     0.24819155   0.00000000    -0.00662147   0.00828629
 -0.00662147  -0.00828629    -0.00662147  -0.00828629     0.30114397   0.00000000
    1    2
 -0.06472042  -0.06275744     0.13134627  -0.03883763    -0.04153104  -0.03917584
  0.13134627  -0.03883763    -0.06472042  -0.06275744    -0.04153104  -0.03917584
 -0.04153104  -0.03917584    -0.04153104  -0.03917584    -0.08089379  -0.06217352
    2    1
 -0.06472042   0.06275744     0.13134627   0.03883763    -0.04153104   0.03917584
  0.13134627   0.03883763    -0.06472042   0.06275744    -0.04153104   0.03917584
 -0.04153104   0.03917584    -0.04153104   0.03917584    -0.08089379   0.06217352
    2    2
  0.24819155   0.00000000     0.00675809   0.00000000    -0.00662147  -0.00828629
  0.00675809   0.00000000     0.24819155   0.00000000    -0.00662147  -0.00828629
 -0.00662147   0.00828629    -0.00662147   0.00828629     0.30114397   0.00000000

     Dynamical  Matrix in cartesian axes

     q = (    0.750000000  -0.750000000   0.250000000 ) 

    1    1
  0.24819155   0.00000000    -0.00675809   0.00000000     0.00662147  -0.00828629
 -0.00675809   0.00000000     0.24819155   0.00000000    -0.00662147   0.00828629
  0.00662147   0.00828629    -0.00662147  -0.00828629     0.30114397   0.00000000
    1    2
 -0.06275744   0.06472042     0.03883763   0.13134627     0.03917584  -0.04153104
  0.03883763   0.13134627    -0.06275744   0.06472042    -0.03917584   0.04153104
  0.03917584  -0.04153104    -0.03917584   0.04153104    -0.06217352   0.08089379
    2    1
 -0.06275744  -0.06472042     0.03883763  -0.13134627     0.03917584   0.04153104
  0.03883763  -0.13134627    -0.06275744  -0.06472042    -0.03917584  -0.04153104
  0.03917584   0.04153104    -0.03917584  -0.04153104    -0.06217352  -0.08089379
    2    2
  0.24819155   0.00000000    -0.00675809   0.00000000     0.00662147   0.00828629
 -0.00675809   0.00000000     0.24819155   0.00000000    -0.00662147  -0.00828629
  0.00662147  -0.00828629    -0.00662147   0.00828629     0.30114397   0.00000000

     Dynamical  Matrix in cartesian axes

     q = (   -0.750000000  -0.750000000  -0.250000000 ) 

    1    1
  0.24819155   0.00000000     0.00675809   0.00000000     0.00662147  -0.00828629
  0.00675809   0.00000000     0.24819155   0.00000000     0.00662147  -0.00828629
  0.00662147   0.00828629     0.00662147   0.00828629     0.30114397   0.00000000
    1    2
 -0.06472042  -0.06275744     0.13134627  -0.03883763     0.04153104   0.03917584
  0.13134627  -0.03883763    -0.06472042  -0.06275744     0.04153104   0.03917584
  0.04153104   0.03917584     0.04153104   0.03917584    -0.08089379  -0.06217352
    2    1
 -0.06472042   0.06275744     0.13134627   0.03883763     0.04153104  -0.03917584
  0.13134627   0.03883763    -0.06472042   0.06275744     0.04153104  -0.03917584
  0.04153104  -0.03917584     0.04153104  -0.03917584    -0.08089379   0.06217352
    2    2
  0.24819155   0.00000000     0.00675809   0.00000000     0.00662147   0.00828629
  0.00675809   0.00000000     0.24819155   0.00000000     0.00662147   0.00828629
  0.00662147  -0.00828629     0.00662147  -0.00828629     0.30114397   0.00000000

     Dynamical  Matrix in cartesian axes

     q = (    0.250000000  -0.750000000   0.750000000 ) 

    1    1
  0.30114397   0.00000000    -0.00662147  -0.00828629     0.00662147   0.00828629
 -0.00662147   0.00828629     0.24819155   0.00000000    -0.00675809   0.00000000
  0.00662147  -0.00828629    -0.00675809   0.00000000     0.24819155   0.00000000
    1    2
 -0.08089379  -0.06217352    -0.04153104  -0.03917584     0.04153104   0.03917584
 -0.04153104  -0.03917584    -0.06472042  -0.06275744    -0.13134627   0.03883763
  0.04153104   0.03917584    -0.13134627   0.03883763    -0.06472042  -0.06275744
    2    1
 -0.08089379   0.06217352    -0.04153104   0.03917584     0.04153104  -0.03917584
 -0.04153104   0.03917584    -0.06472042   0.06275744    -0.13134627  -0.03883763
  0.04153104  -0.03917584    -0.13134627  -0.03883763    -0.06472042   0.06275744
    2    2
  0.30114397   0.00000000    -0.00662147   0.00828629     0.00662147  -0.00828629
 -0.00662147  -0.00828629     0.24819155   0.00000000    -0.00675809   0.00000000
  0.00662147   0.00828629    -0.00675809   0.00000000     0.24819155   0.00000000

     Dynamical  Matrix in cartesian axes

     q = (   -0.750000000  -0.750000000   0.250000000 ) 

    1    1
  0.24819155   0.00000000     0.00675809   0.00000000    -0.00662147  -0.00828629
  0.00675809   0.00000000     0.24819155   0.00000000    -0.00662147  -0.00828629
 -0.00662147   0.00828629    -0.00662147   0.00828629     0.30114397   0.00000000
    1    2
 -0.06472042   0.06275744     0.13134627   0.03883763    -0.04153104   0.03917584
  0.13134627   0.03883763    -0.06472042   0.06275744    -0.04153104   0.03917584
 -0.04153104   0.03917584    -0.04153104   0.03917584    -0.08089379   0.06217352
    2    1
 -0.06472042  -0.06275744     0.13134627  -0.03883763    -0.04153104  -0.03917584
  0.13134627  -0.03883763    -0.06472042  -0.06275744    -0.04153104  -0.03917584
 -0.04153104  -0.03917584    -0.04153104  -0.03917584    -0.08089379  -0.06217352
    2    2
  0.24819155   0.00000000     0.00675809   0.00000000    -0.00662147   0.00828629
  0.00675809   0.00000000     0.24819155   0.00000000    -0.00662147   0.00828629
 -0.00662147  -0.00828629    -0.00662147  -0.00828629     0.30114397   0.00000000

     Dynamical  Matrix in cartesian axes

     q = (    0.250000000   0.750000000   0.750000000 ) 

    1    1
  0.30114397   0.00000000     0.00662147  -0.00828629     0.00662147  -0.00828629
  0.00662147   0.00828629     0.24819155   0.00000000     0.00675809   0.00000000
  0.00662147   0.00828629     0.00675809   0.00000000     0.24819155   0.00000000
    1    2
 -0.06217352  -0.08089379     0.03917584   0.04153104     0.03917584   0.04153104
  0.03917584   0.04153104    -0.06275744  -0.06472042    -0.03883763   0.13134627
  0.03917584   0.04153104    -0.03883763   0.13134627    -0.06275744  -0.06472042
    2    1
 -0.06217352   0.08089379     0.03917584  -0.04153104     0.03917584  -0.04153104
  0.03917584  -0.04153104    -0.06275744   0.06472042    -0.03883763  -0.13134627
  0.03917584  -0.04153104    -0.03883763  -0.13134627    -0.06275744   0.06472042
    2    2
  0.30114397   0.00000000     0.00662147   0.00828629     0.00662147   0.00828629
  0.00662147  -0.00828629     0.24819155   0.00000000     0.00675809   0.00000000
  0.00662147  -0.00828629     0.00675809   0.00000000     0.24819155   0.00000000

     Dynamical  Matrix in cartesian axes

     q = (   -0.250000000  -0.750000000   0.750000000 ) 

    1    1
  0.30114397   0.00000000     0.00662147  -0.00828629    -0.00662147   0.00828629
  0.00662147   0.00828629     0.24819155   0.00000000    -0.00675809   0.00000000
 -0.00662147  -0.00828629    -0.00675809   0.00000000     0.24819155   0.00000000
    1    2
 -0.08089379   0.06217352     0.04153104  -0.03917584    -0.04153104   0.03917584
  0.04153104  -0.03917584    -0.06472042   0.06275744    -0.13134627  -0.03883763
 -0.04153104   0.03917584    -0.13134627  -0.03883763    -0.06472042   0.06275744
    2    1
 -0.08089379  -0.06217352     0.04153104   0.03917584    -0.04153104  -0.03917584
  0.04153104   0.03917584    -0.06472042  -0.06275744    -0.13134627   0.03883763
 -0.04153104  -0.03917584    -0.13134627   0.03883763    -0.06472042  -0.06275744
    2    2
  0.30114397   0.00000000     0.00662147   0.00828629    -0.00662147  -0.00828629
  0.00662147  -0.00828629     0.24819155   0.00000000    -0.00675809   0.00000000
 -0.00662147   0.00828629    -0.00675809   0.00000000     0.24819155   0.00000000

     Dynamical  Matrix in cartesian axes

     q = (    0.750000000   0.750000000   0.250000000 ) 

    1    1
  0.24819155   0.00000000     0.00675809   0.00000000     0.00662147   0.00828629
  0.00675809   0.00000000     0.24819155   0.00000000     0.00662147   0.00828629
  0.00662147  -0.00828629     0.00662147  -0.00828629     0.30114397   0.00000000
    1    2
 -0.06472042   0.06275744     0.13134627   0.03883763     0.04153104  -0.03917584
  0.13134627   0.03883763    -0.06472042   0.06275744     0.04153104  -0.03917584
  0.04153104  -0.03917584     0.04153104  -0.03917584    -0.08089379   0.06217352
    2    1
 -0.06472042  -0.06275744     0.13134627  -0.03883763     0.04153104   0.03917584
  0.13134627  -0.03883763    -0.06472042  -0.06275744     0.04153104   0.03917584
  0.04153104   0.03917584     0.04153104   0.03917584    -0.08089379  -0.06217352
    2    2
  0.24819155   0.00000000     0.00675809   0.00000000     0.00662147  -0.00828629
  0.00675809   0.00000000     0.24819155   0.00000000     0.00662147  -0.00828629
  0.00662147   0.00828629     0.00662147   0.00828629     0.30114397   0.00000000

     Dynamical  Matrix in cartesian axes

     q = (    0.250000000  -0.750000000  -0.750000000 ) 

    1    1
  0.30114397   0.00000000    -0.00662147   0.00828629    -0.00662147   0.00828629
 -0.00662147  -0.00828629     0.24819155   0.00000000     0.00675809   0.00000000
 -0.00662147  -0.00828629     0.00675809   0.00000000     0.24819155   0.00000000
    1    2
  0.08089379  -0.06217352     0.04153104  -0.03917584     0.04153104  -0.03917584
  0.04153104  -0.03917584     0.06472042  -0.06275744    -0.13134627  -0.03883763
  0.04153104  -0.03917584    -0.13134627  -0.03883763     0.06472042  -0.06275744
    2    1
  0.08089379   0.06217352     0.04153104   0.03917584     0.04153104   0.03917584
  0.04153104   0.03917584     0.06472042   0.06275744    -0.13134627   0.03883763
  0.04153104   0.03917584    -0.13134627   0.03883763     0.06472042   0.06275744
    2    2
  0.30114397   0.00000000    -0.00662147  -0.00828629    -0.00662147  -0.00828629
 -0.00662147   0.00828629     0.24819155   0.00000000     0.00675809   0.00000000
 -0.00662147   0.00828629     0.00675809   0.00000000     0.24819155   0.00000000

     Dynamical  Matrix in cartesian axes

     q = (    0.750000000  -0.750000000  -0.250000000 ) 

    1    1
  0.24819155   0.00000000    -0.00675809   0.00000000    -0.00662147  -0.00828629
 -0.00675809   0.00000000     0.24819155   0.00000000     0.00662147   0.00828629
 -0.00662147   0.00828629     0.00662147  -0.00828629     0.30114397   0.00000000
    1    2
  0.06472042  -0.06275744     0.13134627   0.03883763     0.04153104  -0.03917584
  0.13134627   0.03883763     0.06472042  -0.06275744    -0.04153104   0.03917584
  0.04153104  -0.03917584    -0.04153104   0.03917584     0.08089379  -0.06217352
    2    1
  0.06472042   0.06275744     0.13134627  -0.03883763     0.04153104   0.03917584
  0.13134627  -0.03883763     0.06472042   0.06275744    -0.04153104  -0.03917584
  0.04153104   0.03917584    -0.04153104  -0.03917584     0.08089379   0.06217352
    2    2
  0.24819155   0.00000000    -0.00675809   0.00000000    -0.00662147   0.00828629
 -0.00675809   0.00000000     0.24819155   0.00000000     0.00662147  -0.00828629
 -0.00662147  -0.00828629     0.00662147   0.00828629     0.30114397   0.00000000

     Diagonalizing the dynamical matrix

     q = (    0.750000000  -0.250000000   0.750000000 ) 

 **************************************************************************
     freq (    1) =       4.308932 [THz] =     143.730503 [cm-1]
 (  0.496320  0.060550  0.000000  0.000000 -0.496320 -0.060550 ) 
 (  0.500000 -0.000000  0.000000  0.000000 -0.500000  0.000000 ) 
     freq (    2) =       6.152176 [THz] =     205.214510 [cm-1]
 (  0.135895 -0.396455 -0.156119 -0.352616  0.135895 -0.396455 ) 
 ( -0.419099  0.000000 -0.282942 -0.262021 -0.419099  0.000000 ) 
     freq (    3) =       9.444876 [THz] =     315.047156 [cm-1]
 (  0.305619  0.082591 -0.370364  0.402966  0.305619  0.082591 ) 
 ( -0.316582  0.000000  0.252411  0.485633 -0.316582  0.000000 ) 
     freq (    4) =      12.125953 [THz] =     404.478261 [cm-1]
 ( -0.316728  0.121723  0.320275 -0.408848 -0.316728  0.121723 ) 
 ( -0.339313 -0.000000  0.445626  0.266741 -0.339313  0.000000 ) 
     freq (    5) =      13.623296 [THz] =     454.424253 [cm-1]
 (  0.496320  0.060550 -0.000000 -0.000000 -0.496320 -0.060550 ) 
 ( -0.500000 -0.000000  0.000000  0.000000  0.500000  0.000000 ) 
     freq (    6) =      14.005374 [THz] =     467.168979 [cm-1]
 (  0.140049 -0.298972 -0.224161 -0.481410  0.140049 -0.298972 ) 
 (  0.330148  0.000000  0.340861  0.407207  0.330148 -0.000000 ) 
 **************************************************************************
