Dynamical matrix file
phonons on a grid                                                          
  1    2   0  10.3346008   0.0000000   0.0000000   0.0000000   0.0000000   0.0000000
Basis vectors
     -0.500000000    0.000000000    0.500000000
      0.000000000    0.500000000    0.500000000
     -0.500000000    0.500000000    0.000000000
           1  'Si     '    25597.911567706618     
    1    1      0.0000000000      0.0000000000      0.0000000000
    2    1      0.2500000000     -0.2500000000     -0.2500000000

     Dynamical  Matrix in cartesian axes

     q = (   -0.250000000   0.250000000  -0.250000000 ) 

    1    1
  0.27731464   0.00000000    -0.01261433   0.00000000     0.01261433   0.00000000
 -0.01261433   0.00000000     0.27731464   0.00000000    -0.01261433   0.00000000
  0.01261433   0.00000000    -0.01261433   0.00000000     0.27731464   0.00000000
    1    2
 -0.20726288  -0.06318381    -0.03727374   0.03910830     0.03727374  -0.03910830
 -0.03727374   0.03910830    -0.20726288  -0.06318381    -0.03727374   0.03910830
  0.03727374  -0.03910830    -0.03727374   0.03910830    -0.20726288  -0.06318381
    2    1
 -0.20726288   0.06318381    -0.03727374  -0.03910830     0.03727374   0.03910830
 -0.03727374  -0.03910830    -0.20726288   0.06318381    -0.03727374  -0.03910830
  0.03727374   0.03910830    -0.03727374  -0.03910830    -0.20726288   0.06318381
    2    2
  0.27731464   0.00000000    -0.01261433   0.00000000     0.01261433   0.00000000
 -0.01261433   0.00000000     0.27731464   0.00000000    -0.01261433   0.00000000
  0.01261433   0.00000000    -0.01261433   0.00000000     0.27731464   0.00000000

     Dynamical  Matrix in cartesian axes

     q = (    0.250000000  -0.250000000  -0.250000000 ) 

    1    1
  0.27731464   0.00000000    -0.01261433   0.00000000    -0.01261433   0.00000000
 -0.01261433   0.00000000     0.27731464   0.00000000     0.01261433   0.00000000
 -0.01261433   0.00000000     0.01261433   0.00000000     0.27731464   0.00000000
    1    2
 -0.06318381   0.20726288     0.03910830   0.03727374     0.03910830   0.03727374
  0.03910830   0.03727374    -0.06318381   0.20726288    -0.03910830  -0.03727374
  0.03910830   0.03727374    -0.03910830  -0.03727374    -0.06318381   0.20726288
    2    1
 -0.06318381  -0.20726288     0.03910830  -0.03727374     0.03910830  -0.03727374
  0.03910830  -0.03727374    -0.06318381  -0.20726288    -0.03910830   0.03727374
  0.03910830  -0.03727374    -0.03910830   0.03727374    -0.06318381  -0.20726288
    2    2
  0.27731464   0.00000000    -0.01261433   0.00000000    -0.01261433   0.00000000
 -0.01261433   0.00000000     0.27731464   0.00000000     0.01261433   0.00000000
 -0.01261433   0.00000000     0.01261433   0.00000000     0.27731464   0.00000000

     Dynamical  Matrix in cartesian axes

     q = (    0.250000000  -0.250000000   0.250000000 ) 

    1    1
  0.27731464   0.00000000    -0.01261433   0.00000000     0.01261433   0.00000000
 -0.01261433   0.00000000     0.27731464   0.00000000    -0.01261433   0.00000000
  0.01261433   0.00000000    -0.01261433   0.00000000     0.27731464   0.00000000
    1    2
 -0.20726288   0.06318381    -0.03727374  -0.03910830     0.03727374   0.03910830
 -0.03727374  -0.03910830    -0.20726288   0.06318381    -0.03727374  -0.03910830
  0.03727374   0.03910830    -0.03727374  -0.03910830    -0.20726288   0.06318381
    2    1
 -0.20726288  -0.06318381    -0.03727374   0.03910830     0.03727374  -0.03910830
 -0.03727374   0.03910830    -0.20726288  -0.06318381    -0.03727374   0.03910830
  0.03727374  -0.03910830    -0.03727374   0.03910830    -0.20726288  -0.06318381
    2    2
  0.27731464   0.00000000    -0.01261433   0.00000000     0.01261433   0.00000000
 -0.01261433   0.00000000     0.27731464   0.00000000    -0.01261433   0.00000000
  0.01261433   0.00000000    -0.01261433   0.00000000     0.27731464   0.00000000

     Dynamical  Matrix in cartesian axes

     q = (    0.250000000   0.250000000   0.250000000 ) 

    1    1
  0.27731464   0.00000000     0.01261433   0.00000000     0.01261433   0.00000000
  0.01261433   0.00000000     0.27731464   0.00000000     0.01261433   0.00000000
  0.01261433   0.00000000     0.01261433   0.00000000     0.27731464   0.00000000
    1    2
 -0.20726288  -0.06318381     0.03727374  -0.03910830     0.03727374  -0.03910830
  0.03727374  -0.03910830    -0.20726288  -0.06318381     0.03727374  -0.03910830
  0.03727374  -0.03910830     0.03727374  -0.03910830    -0.20726288  -0.06318381
    2    1
 -0.20726288   0.06318381     0.03727374   0.03910830     0.03727374   0.03910830
  0.03727374   0.03910830    -0.20726288   0.06318381     0.03727374   0.03910830
  0.03727374   0.03910830     0.03727374   0.03910830    -0.20726288   0.06318381
    2    2
  0.27731464   0.00000000     0.01261433   0.00000000     0.01261433   0.00000000
  0.01261433   0.00000000     0.27731464   0.00000000     0.01261433   0.00000000
  0.01261433   0.00000000     0.01261433   0.00000000     0.27731464   0.00000000

     Dynamical  Matrix in cartesian axes

     q = (   -0.250000000  -0.250000000  -0.250000000 ) 

    1    1
  0.27731464   0.00000000     0.01261433   0.00000000     0.01261433   0.00000000
  0.01261433   0.00000000     0.27731464   0.00000000     0.01261433   0.00000000
  0.01261433   0.00000000     0.01261433   0.00000000     0.27731464   0.00000000
    1    2
 -0.20726288   0.06318381     0.03727374   0.03910830     0.03727374   0.03910830
  0.03727374   0.03910830    -0.20726288   0.06318381     0.03727374   0.03910830
  0.03727374   0.03910830     0.03727374   0.03910830    -0.20726288   0.06318381
    2    1
 -0.20726288  -0.06318381     0.03727374  -0.03910830     0.03727374  -0.03910830
  0.03727374  -0.03910830    -0.20726288  -0.06318381     0.03727374  -0.03910830
  0.03727374  -0.03910830     0.03727374  -0.03910830    -0.20726288  -0.06318381
    2    2
  0.27731464   0.00000000     0.01261433   0.00000000     0.01261433   0.00000000
  0.01261433   0.00000000     0.27731464   0.00000000     0.01261433   0.00000000
  0.01261433   0.00000000     0.01261433   0.00000000     0.27731464   0.00000000

     Dynamical  Matrix in cartesian axes

     q = (   -0.250000000  -0.250000000   0.250000000 ) 

    1    1
  0.27731464   0.00000000     0.01261433   0.00000000    -0.01261433   0.00000000
  0.01261433   0.00000000     0.27731464   0.00000000    -0.01261433   0.00000000
 -0.01261433   0.00000000    -0.01261433   0.00000000     0.27731464   0.00000000
    1    2
 -0.20726288  -0.06318381     0.03727374  -0.03910830    -0.03727374   0.03910830
  0.03727374  -0.03910830    -0.20726288  -0.06318381    -0.03727374   0.03910830
 -0.03727374   0.03910830    -0.03727374   0.03910830    -0.20726288  -0.06318381
    2    1
 -0.20726288   0.06318381     0.03727374   0.03910830    -0.03727374  -0.03910830
  0.03727374   0.03910830    -0.20726288   0.06318381    -0.03727374  -0.03910830
 -0.03727374  -0.03910830    -0.03727374  -0.03910830    -0.20726288   0.06318381
    2    2
  0.27731464   0.00000000     0.01261433   0.00000000    -0.01261433   0.00000000
  0.01261433   0.00000000     0.27731464   0.00000000    -0.01261433   0.00000000
 -0.01261433   0.00000000    -0.01261433   0.00000000     0.27731464   0.00000000

     Dynamical  Matrix in cartesian axes

     q = (   -0.250000000   0.250000000   0.250000000 ) 

    1    1
  0.27731464   0.00000000    -0.01261433   0.00000000    -0.01261433   0.00000000
 -0.01261433   0.00000000     0.27731464   0.00000000     0.01261433   0.00000000
 -0.01261433   0.00000000     0.01261433   0.00000000     0.27731464   0.00000000
    1    2
 -0.06318381  -0.20726288     0.03910830  -0.03727374     0.03910830  -0.03727374
  0.03910830  -0.03727374    -0.06318381  -0.20726288    -0.03910830   0.03727374
  0.03910830  -0.03727374    -0.03910830   0.03727374    -0.06318381  -0.20726288
    2    1
 -0.06318381   0.20726288     0.03910830   0.03727374     0.03910830   0.03727374
  0.03910830   0.03727374    -0.06318381   0.20726288    -0.03910830  -0.03727374
  0.03910830   0.03727374    -0.03910830  -0.03727374    -0.06318381   0.20726288
    2    2
  0.27731464   0.00000000    -0.01261433   0.00000000    -0.01261433   0.00000000
 -0.01261433   0.00000000     0.27731464   0.00000000     0.01261433   0.00000000
 -0.01261433   0.00000000     0.01261433   0.00000000     0.27731464   0.00000000

     Dynamical  Matrix in cartesian axes

     q = (    0.250000000   0.250000000  -0.250000000 ) 

    1    1
  0.27731464   0.00000000     0.01261433   0.00000000    -0.01261433   0.00000000
  0.01261433   0.00000000     0.27731464   0.00000000    -0.01261433   0.00000000
 -0.01261433   0.00000000    -0.01261433   0.00000000     0.27731464   0.00000000
    1    2
 -0.20726288   0.06318381     0.03727374   0.03910830    -0.03727374  -0.03910830
  0.03727374   0.03910830    -0.20726288   0.06318381    -0.03727374  -0.03910830
 -0.03727374  -0.03910830    -0.03727374  -0.03910830    -0.20726288   0.06318381
    2    1
 -0.20726288  -0.06318381     0.03727374  -0.03910830    -0.03727374   0.03910830
  0.03727374  -0.03910830    -0.20726288  -0.06318381    -0.03727374   0.03910830
 -0.03727374   0.03910830    -0.03727374   0.03910830    -0.20726288  -0.06318381
    2    2
  0.27731464   0.00000000     0.01261433   0.00000000    -0.01261433   0.00000000
  0.01261433   0.00000000     0.27731464   0.00000000    -0.01261433   0.00000000
 -0.01261433   0.00000000    -0.01261433   0.00000000     0.27731464   0.00000000

     Diagonalizing the dynamical matrix

     q = (   -0.250000000   0.250000000  -0.250000000 ) 

 **************************************************************************
     freq (    1) =       2.832936 [THz] =      94.496574 [cm-1]
 ( -0.185673 -0.047303 -0.560595 -0.084216 -0.374922 -0.036912 ) 
 ( -0.189415 -0.028883 -0.566149 -0.028883 -0.376734  0.000000 ) 
     freq (    2) =       2.832936 [THz] =      94.496574 [cm-1]
 (  0.539006  0.078059  0.103614  0.035193 -0.435393 -0.042866 ) 
 (  0.544061  0.024872  0.106563  0.024872 -0.437498  0.000000 ) 
     freq (    3) =       6.776750 [THz] =     226.048041 [cm-1]
 (  0.279389  0.297672 -0.279389 -0.297672  0.279389  0.297672 ) 
 (  0.408248  0.000000 -0.408248  0.000000  0.408248  0.000000 ) 
     freq (    4) =      14.488357 [THz] =     483.279573 [cm-1]
 (  0.279389  0.297672 -0.279389 -0.297672  0.279389  0.297672 ) 
 ( -0.408248 -0.000000  0.408248  0.000000 -0.408248  0.000000 ) 
     freq (    5) =      14.690490 [THz] =     490.022010 [cm-1]
 ( -0.495395 -0.195738 -0.418154 -0.188133  0.077240  0.007605 ) 
 (  0.512189  0.146257  0.434576  0.146257 -0.077614  0.000000 ) 
     freq (    6) =      14.690490 [THz] =     490.022010 [cm-1]
 ( -0.222711 -0.001989  0.346645  0.054066  0.569357  0.056055 ) 
 (  0.221835 -0.019842 -0.350275 -0.019842 -0.572110  0.000000 ) 
 **************************************************************************
