Dynamical matrix file
phonons on a grid                                                          
  1    2   0  10.3346008   0.0000000   0.0000000   0.0000000   0.0000000   0.0000000
Basis vectors
     -0.500000000    0.000000000    0.500000000
      0.000000000    0.500000000    0.500000000
     -0.500000000    0.500000000    0.000000000
           1  'Si     '    25597.911567706618     
    1    1      0.0000000000      0.0000000000      0.0000000000
    2    1      0.2500000000     -0.2500000000     -0.2500000000

     Dynamical  Matrix in cartesian axes

     q = (   -0.250000000   0.250000000  -0.250000000 ) 

    1    1
  0.27731848   0.00000000    -0.01261848   0.00000000     0.01261848   0.00000000
 -0.01261848   0.00000000     0.27731848   0.00000000    -0.01261848   0.00000000
  0.01261848   0.00000000    -0.01261848   0.00000000     0.27731848   0.00000000
    1    2
 -0.20726510  -0.06318210    -0.03727136   0.03910646     0.03727136  -0.03910646
 -0.03727136   0.03910646    -0.20726510  -0.06318210    -0.03727136   0.03910646
  0.03727136  -0.03910646    -0.03727136   0.03910646    -0.20726510  -0.06318210
    2    1
 -0.20726510   0.06318210    -0.03727136  -0.03910646     0.03727136   0.03910646
 -0.03727136  -0.03910646    -0.20726510   0.06318210    -0.03727136  -0.03910646
  0.03727136   0.03910646    -0.03727136  -0.03910646    -0.20726510   0.06318210
    2    2
  0.27731848   0.00000000    -0.01261848   0.00000000     0.01261848   0.00000000
 -0.01261848   0.00000000     0.27731848   0.00000000    -0.01261848   0.00000000
  0.01261848   0.00000000    -0.01261848   0.00000000     0.27731848   0.00000000

     Dynamical  Matrix in cartesian axes

     q = (    0.250000000  -0.250000000  -0.250000000 ) 

    1    1
  0.27731848   0.00000000    -0.01261848   0.00000000    -0.01261848   0.00000000
 -0.01261848   0.00000000     0.27731848   0.00000000     0.01261848   0.00000000
 -0.01261848   0.00000000     0.01261848   0.00000000     0.27731848   0.00000000
    1    2
 -0.06318210   0.20726510     0.03910646   0.03727136     0.03910646   0.03727136
  0.03910646   0.03727136    -0.06318210   0.20726510    -0.03910646  -0.03727136
  0.03910646   0.03727136    -0.03910646  -0.03727136    -0.06318210   0.20726510
    2    1
 -0.06318210  -0.20726510     0.03910646  -0.03727136     0.03910646  -0.03727136
  0.03910646  -0.03727136    -0.06318210  -0.20726510    -0.03910646   0.03727136
  0.03910646  -0.03727136    -0.03910646   0.03727136    -0.06318210  -0.20726510
    2    2
  0.27731848   0.00000000    -0.01261848   0.00000000    -0.01261848   0.00000000
 -0.01261848   0.00000000     0.27731848   0.00000000     0.01261848   0.00000000
 -0.01261848   0.00000000     0.01261848   0.00000000     0.27731848   0.00000000

     Dynamical  Matrix in cartesian axes

     q = (    0.250000000  -0.250000000   0.250000000 ) 

    1    1
  0.27731848   0.00000000    -0.01261848   0.00000000     0.01261848   0.00000000
 -0.01261848   0.00000000     0.27731848   0.00000000    -0.01261848   0.00000000
  0.01261848   0.00000000    -0.01261848   0.00000000     0.27731848   0.00000000
    1    2
 -0.20726510   0.06318210    -0.03727136  -0.03910646     0.03727136   0.03910646
 -0.03727136  -0.03910646    -0.20726510   0.06318210    -0.03727136  -0.03910646
  0.03727136   0.03910646    -0.03727136  -0.03910646    -0.20726510   0.06318210
    2    1
 -0.20726510  -0.06318210    -0.03727136   0.03910646     0.03727136  -0.03910646
 -0.03727136   0.03910646    -0.20726510  -0.06318210    -0.03727136   0.03910646
  0.03727136  -0.03910646    -0.03727136   0.03910646    -0.20726510  -0.06318210
    2    2
  0.27731848   0.00000000    -0.01261848   0.00000000     0.01261848   0.00000000
 -0.01261848   0.00000000     0.27731848   0.00000000    -0.01261848   0.00000000
  0.01261848   0.00000000    -0.01261848   0.00000000     0.27731848   0.00000000

     Dynamical  Matrix in cartesian axes

     q = (    0.250000000   0.250000000   0.250000000 ) 

    1    1
  0.27731848   0.00000000     0.01261848   0.00000000     0.01261848   0.00000000
  0.01261848   0.00000000     0.27731848   0.00000000     0.01261848   0.00000000
  0.01261848   0.00000000     0.01261848   0.00000000     0.27731848   0.00000000
    1    2
 -0.20726510  -0.06318210     0.03727136  -0.03910646     0.03727136  -0.03910646
  0.03727136  -0.03910646    -0.20726510  -0.06318210     0.03727136  -0.03910646
  0.03727136  -0.03910646     0.03727136  -0.03910646    -0.20726510  -0.06318210
    2    1
 -0.20726510   0.06318210     0.03727136   0.03910646     0.03727136   0.03910646
  0.03727136   0.03910646    -0.20726510   0.06318210     0.03727136   0.03910646
  0.03727136   0.03910646     0.03727136   0.03910646    -0.20726510   0.06318210
    2    2
  0.27731848   0.00000000     0.01261848   0.00000000     0.01261848   0.00000000
  0.01261848   0.00000000     0.27731848   0.00000000     0.01261848   0.00000000
  0.01261848   0.00000000     0.01261848   0.00000000     0.27731848   0.00000000

     Dynamical  Matrix in cartesian axes

     q = (   -0.250000000  -0.250000000  -0.250000000 ) 

    1    1
  0.27731848   0.00000000     0.01261848   0.00000000     0.01261848   0.00000000
  0.01261848   0.00000000     0.27731848   0.00000000     0.01261848   0.00000000
  0.01261848   0.00000000     0.01261848   0.00000000     0.27731848   0.00000000
    1    2
 -0.20726510   0.06318210     0.03727136   0.03910646     0.03727136   0.03910646
  0.03727136   0.03910646    -0.20726510   0.06318210     0.03727136   0.03910646
  0.03727136   0.03910646     0.03727136   0.03910646    -0.20726510   0.06318210
    2    1
 -0.20726510  -0.06318210     0.03727136  -0.03910646     0.03727136  -0.03910646
  0.03727136  -0.03910646    -0.20726510  -0.06318210     0.03727136  -0.03910646
  0.03727136  -0.03910646     0.03727136  -0.03910646    -0.20726510  -0.06318210
    2    2
  0.27731848   0.00000000     0.01261848   0.00000000     0.01261848   0.00000000
  0.01261848   0.00000000     0.27731848   0.00000000     0.01261848   0.00000000
  0.01261848   0.00000000     0.01261848   0.00000000     0.27731848   0.00000000

     Dynamical  Matrix in cartesian axes

     q = (   -0.250000000  -0.250000000   0.250000000 ) 

    1    1
  0.27731848   0.00000000     0.01261848   0.00000000    -0.01261848   0.00000000
  0.01261848   0.00000000     0.27731848   0.00000000    -0.01261848   0.00000000
 -0.01261848   0.00000000    -0.01261848   0.00000000     0.27731848   0.00000000
    1    2
 -0.20726510  -0.06318210     0.03727136  -0.03910646    -0.03727136   0.03910646
  0.03727136  -0.03910646    -0.20726510  -0.06318210    -0.03727136   0.03910646
 -0.03727136   0.03910646    -0.03727136   0.03910646    -0.20726510  -0.06318210
    2    1
 -0.20726510   0.06318210     0.03727136   0.03910646    -0.03727136  -0.03910646
  0.03727136   0.03910646    -0.20726510   0.06318210    -0.03727136  -0.03910646
 -0.03727136  -0.03910646    -0.03727136  -0.03910646    -0.20726510   0.06318210
    2    2
  0.27731848   0.00000000     0.01261848   0.00000000    -0.01261848   0.00000000
  0.01261848   0.00000000     0.27731848   0.00000000    -0.01261848   0.00000000
 -0.01261848   0.00000000    -0.01261848   0.00000000     0.27731848   0.00000000

     Dynamical  Matrix in cartesian axes

     q = (   -0.250000000   0.250000000   0.250000000 ) 

    1    1
  0.27731848   0.00000000    -0.01261848   0.00000000    -0.01261848   0.00000000
 -0.01261848   0.00000000     0.27731848   0.00000000     0.01261848   0.00000000
 -0.01261848   0.00000000     0.01261848   0.00000000     0.27731848   0.00000000
    1    2
 -0.06318210  -0.20726510     0.03910646  -0.03727136     0.03910646  -0.03727136
  0.03910646  -0.03727136    -0.06318210  -0.20726510    -0.03910646   0.03727136
  0.03910646  -0.03727136    -0.03910646   0.03727136    -0.06318210  -0.20726510
    2    1
 -0.06318210   0.20726510     0.03910646   0.03727136     0.03910646   0.03727136
  0.03910646   0.03727136    -0.06318210   0.20726510    -0.03910646  -0.03727136
  0.03910646   0.03727136    -0.03910646  -0.03727136    -0.06318210   0.20726510
    2    2
  0.27731848   0.00000000    -0.01261848   0.00000000    -0.01261848   0.00000000
 -0.01261848   0.00000000     0.27731848   0.00000000     0.01261848   0.00000000
 -0.01261848   0.00000000     0.01261848   0.00000000     0.27731848   0.00000000

     Dynamical  Matrix in cartesian axes

     q = (    0.250000000   0.250000000  -0.250000000 ) 

    1    1
  0.27731848   0.00000000     0.01261848   0.00000000    -0.01261848   0.00000000
  0.01261848   0.00000000     0.27731848   0.00000000    -0.01261848   0.00000000
 -0.01261848   0.00000000    -0.01261848   0.00000000     0.27731848   0.00000000
    1    2
 -0.20726510   0.06318210     0.03727136   0.03910646    -0.03727136  -0.03910646
  0.03727136   0.03910646    -0.20726510   0.06318210    -0.03727136  -0.03910646
 -0.03727136  -0.03910646    -0.03727136  -0.03910646    -0.20726510   0.06318210
    2    1
 -0.20726510  -0.06318210     0.03727136  -0.03910646    -0.03727136   0.03910646
  0.03727136  -0.03910646    -0.20726510  -0.06318210    -0.03727136   0.03910646
 -0.03727136   0.03910646    -0.03727136   0.03910646    -0.20726510  -0.06318210
    2    2
  0.27731848   0.00000000     0.01261848   0.00000000    -0.01261848   0.00000000
  0.01261848   0.00000000     0.27731848   0.00000000    -0.01261848   0.00000000
 -0.01261848   0.00000000    -0.01261848   0.00000000     0.27731848   0.00000000

     Diagonalizing the dynamical matrix

     q = (   -0.250000000   0.250000000  -0.250000000 ) 

 **************************************************************************
     freq (    1) =       2.832924 [THz] =      94.496160 [cm-1]
 ( -0.339339  0.075341 -0.568608  0.052769 -0.229269 -0.022572 ) 
 ( -0.330324  0.108227 -0.560701  0.108227 -0.230377  0.000000 ) 
     freq (    2) =       2.832924 [THz] =      94.496160 [cm-1]
 ( -0.460980  0.001940  0.065869  0.053810  0.526848  0.051870 ) 
 ( -0.458572  0.047097  0.070824  0.047097  0.529396  0.000000 ) 
     freq (    3) =       6.777103 [THz] =     226.059814 [cm-1]
 ( -0.279402 -0.297659  0.279402  0.297659 -0.279402 -0.297659 ) 
 ( -0.408248  0.000000  0.408248 -0.000000 -0.408248  0.000000 ) 
     freq (    4) =      14.488547 [THz] =     483.285899 [cm-1]
 ( -0.279402 -0.297659  0.279402  0.297659 -0.279402 -0.297659 ) 
 (  0.408248  0.000000 -0.408248  0.000000  0.408248  0.000000 ) 
     freq (    5) =      14.690483 [THz] =     490.021782 [cm-1]
 (  0.489283  0.095106 -0.007679  0.046178 -0.496962 -0.048928 ) 
 ( -0.496248 -0.046708  0.003117 -0.046708  0.499365  0.000000 ) 
     freq (    6) =      14.690483 [THz] =     490.021782 [cm-1]
 ( -0.270785 -0.107542 -0.559164 -0.135934 -0.288378 -0.028392 ) 
 (  0.280019  0.080493  0.569792  0.080493  0.289773  0.000000 ) 
 **************************************************************************
