Dynamical matrix file
phonons on a grid                                                          
  1    2   0  10.3346008   0.0000000   0.0000000   0.0000000   0.0000000   0.0000000
Basis vectors
     -0.500000000    0.000000000    0.500000000
      0.000000000    0.500000000    0.500000000
     -0.500000000    0.500000000    0.000000000
           1  'Si     '    25597.911567706618     
    1    1      0.0000000000      0.0000000000      0.0000000000
    2    1      0.2500000000     -0.2500000000     -0.2500000000

     Dynamical  Matrix in cartesian axes

     q = (   -0.250000000   0.250000000  -0.250000000 ) 

    1    1
  0.27731198   0.00000000    -0.01261189  -0.00000000     0.01261189   0.00000000
 -0.01261189  -0.00000000     0.27731198   0.00000000    -0.01261189  -0.00000000
  0.01261189   0.00000000    -0.01261189  -0.00000000     0.27731198   0.00000000
    1    2
 -0.20726424  -0.06317973    -0.03727232   0.03910429     0.03727232  -0.03910429
 -0.03727232   0.03910429    -0.20726424  -0.06317973    -0.03727232   0.03910429
  0.03727232  -0.03910429    -0.03727232   0.03910429    -0.20726424  -0.06317973
    2    1
 -0.20726424   0.06317973    -0.03727232  -0.03910429     0.03727232   0.03910429
 -0.03727232  -0.03910429    -0.20726424   0.06317973    -0.03727232  -0.03910429
  0.03727232   0.03910429    -0.03727232  -0.03910429    -0.20726424   0.06317973
    2    2
  0.27731198  -0.00000000    -0.01261189   0.00000000     0.01261189   0.00000000
 -0.01261189   0.00000000     0.27731198  -0.00000000    -0.01261189   0.00000000
  0.01261189  -0.00000000    -0.01261189   0.00000000     0.27731198   0.00000000

     Dynamical  Matrix in cartesian axes

     q = (    0.250000000  -0.250000000  -0.250000000 ) 

    1    1
  0.27731198   0.00000000    -0.01261189  -0.00000000    -0.01261189  -0.00000000
 -0.01261189  -0.00000000     0.27731198   0.00000000     0.01261189   0.00000000
 -0.01261189  -0.00000000     0.01261189   0.00000000     0.27731198   0.00000000
    1    2
 -0.06317973   0.20726424     0.03910429   0.03727232     0.03910429   0.03727232
  0.03910429   0.03727232    -0.06317973   0.20726424    -0.03910429  -0.03727232
  0.03910429   0.03727232    -0.03910429  -0.03727232    -0.06317973   0.20726424
    2    1
 -0.06317973  -0.20726424     0.03910429  -0.03727232     0.03910429  -0.03727232
  0.03910429  -0.03727232    -0.06317973  -0.20726424    -0.03910429   0.03727232
  0.03910429  -0.03727232    -0.03910429   0.03727232    -0.06317973  -0.20726424
    2    2
  0.27731198  -0.00000000    -0.01261189   0.00000000    -0.01261189   0.00000000
 -0.01261189   0.00000000     0.27731198  -0.00000000     0.01261189  -0.00000000
 -0.01261189   0.00000000     0.01261189  -0.00000000     0.27731198  -0.00000000

     Dynamical  Matrix in cartesian axes

     q = (    0.250000000  -0.250000000   0.250000000 ) 

    1    1
  0.27731198  -0.00000000    -0.01261189   0.00000000     0.01261189  -0.00000000
 -0.01261189   0.00000000     0.27731198  -0.00000000    -0.01261189   0.00000000
  0.01261189  -0.00000000    -0.01261189   0.00000000     0.27731198  -0.00000000
    1    2
 -0.20726424   0.06317973    -0.03727232  -0.03910429     0.03727232   0.03910429
 -0.03727232  -0.03910429    -0.20726424   0.06317973    -0.03727232  -0.03910429
  0.03727232   0.03910429    -0.03727232  -0.03910429    -0.20726424   0.06317973
    2    1
 -0.20726424  -0.06317973    -0.03727232   0.03910429     0.03727232  -0.03910429
 -0.03727232   0.03910429    -0.20726424  -0.06317973    -0.03727232   0.03910429
  0.03727232  -0.03910429    -0.03727232   0.03910429    -0.20726424  -0.06317973
    2    2
  0.27731198   0.00000000    -0.01261189  -0.00000000     0.01261189   0.00000000
 -0.01261189  -0.00000000     0.27731198   0.00000000    -0.01261189  -0.00000000
  0.01261189   0.00000000    -0.01261189  -0.00000000     0.27731198   0.00000000

     Dynamical  Matrix in cartesian axes

     q = (    0.250000000   0.250000000   0.250000000 ) 

    1    1
  0.27731198   0.00000000     0.01261189   0.00000000     0.01261189   0.00000000
  0.01261189   0.00000000     0.27731198   0.00000000     0.01261189   0.00000000
  0.01261189   0.00000000     0.01261189   0.00000000     0.27731198   0.00000000
    1    2
 -0.20726424  -0.06317973     0.03727232  -0.03910429     0.03727232  -0.03910429
  0.03727232  -0.03910429    -0.20726424  -0.06317973     0.03727232  -0.03910429
  0.03727232  -0.03910429     0.03727232  -0.03910429    -0.20726424  -0.06317973
    2    1
 -0.20726424   0.06317973     0.03727232   0.03910429     0.03727232   0.03910429
  0.03727232   0.03910429    -0.20726424   0.06317973     0.03727232   0.03910429
  0.03727232   0.03910429     0.03727232   0.03910429    -0.20726424   0.06317973
    2    2
  0.27731198  -0.00000000     0.01261189  -0.00000000     0.01261189  -0.00000000
  0.01261189  -0.00000000     0.27731198  -0.00000000     0.01261189  -0.00000000
  0.01261189  -0.00000000     0.01261189  -0.00000000     0.27731198  -0.00000000

     Dynamical  Matrix in cartesian axes

     q = (   -0.250000000  -0.250000000  -0.250000000 ) 

    1    1
  0.27731198  -0.00000000     0.01261189  -0.00000000     0.01261189  -0.00000000
  0.01261189  -0.00000000     0.27731198  -0.00000000     0.01261189  -0.00000000
  0.01261189  -0.00000000     0.01261189  -0.00000000     0.27731198  -0.00000000
    1    2
 -0.20726424   0.06317973     0.03727232   0.03910429     0.03727232   0.03910429
  0.03727232   0.03910429    -0.20726424   0.06317973     0.03727232   0.03910429
  0.03727232   0.03910429     0.03727232   0.03910429    -0.20726424   0.06317973
    2    1
 -0.20726424  -0.06317973     0.03727232  -0.03910429     0.03727232  -0.03910429
  0.03727232  -0.03910429    -0.20726424  -0.06317973     0.03727232  -0.03910429
  0.03727232  -0.03910429     0.03727232  -0.03910429    -0.20726424  -0.06317973
    2    2
  0.27731198   0.00000000     0.01261189   0.00000000     0.01261189   0.00000000
  0.01261189   0.00000000     0.27731198   0.00000000     0.01261189   0.00000000
  0.01261189   0.00000000     0.01261189   0.00000000     0.27731198   0.00000000

     Dynamical  Matrix in cartesian axes

     q = (   -0.250000000  -0.250000000   0.250000000 ) 

    1    1
  0.27731198   0.00000000     0.01261189   0.00000000    -0.01261189  -0.00000000
  0.01261189   0.00000000     0.27731198   0.00000000    -0.01261189  -0.00000000
 -0.01261189  -0.00000000    -0.01261189  -0.00000000     0.27731198   0.00000000
    1    2
 -0.20726424  -0.06317973     0.03727232  -0.03910429    -0.03727232   0.03910429
  0.03727232  -0.03910429    -0.20726424  -0.06317973    -0.03727232   0.03910429
 -0.03727232   0.03910429    -0.03727232   0.03910429    -0.20726424  -0.06317973
    2    1
 -0.20726424   0.06317973     0.03727232   0.03910429    -0.03727232  -0.03910429
  0.03727232   0.03910429    -0.20726424   0.06317973    -0.03727232  -0.03910429
 -0.03727232  -0.03910429    -0.03727232  -0.03910429    -0.20726424   0.06317973
    2    2
  0.27731198  -0.00000000     0.01261189  -0.00000000    -0.01261189   0.00000000
  0.01261189  -0.00000000     0.27731198  -0.00000000    -0.01261189   0.00000000
 -0.01261189   0.00000000    -0.01261189   0.00000000     0.27731198  -0.00000000

     Dynamical  Matrix in cartesian axes

     q = (   -0.250000000   0.250000000   0.250000000 ) 

    1    1
  0.27731198  -0.00000000    -0.01261189   0.00000000    -0.01261189   0.00000000
 -0.01261189   0.00000000     0.27731198  -0.00000000     0.01261189  -0.00000000
 -0.01261189   0.00000000     0.01261189  -0.00000000     0.27731198  -0.00000000
    1    2
 -0.06317973  -0.20726424     0.03910429  -0.03727232     0.03910429  -0.03727232
  0.03910429  -0.03727232    -0.06317973  -0.20726424    -0.03910429   0.03727232
  0.03910429  -0.03727232    -0.03910429   0.03727232    -0.06317973  -0.20726424
    2    1
 -0.06317973   0.20726424     0.03910429   0.03727232     0.03910429   0.03727232
  0.03910429   0.03727232    -0.06317973   0.20726424    -0.03910429  -0.03727232
  0.03910429   0.03727232    -0.03910429  -0.03727232    -0.06317973   0.20726424
    2    2
  0.27731198   0.00000000    -0.01261189  -0.00000000    -0.01261189  -0.00000000
 -0.01261189  -0.00000000     0.27731198   0.00000000     0.01261189   0.00000000
 -0.01261189  -0.00000000     0.01261189   0.00000000     0.27731198   0.00000000

     Dynamical  Matrix in cartesian axes

     q = (    0.250000000   0.250000000  -0.250000000 ) 

    1    1
  0.27731198  -0.00000000     0.01261189  -0.00000000    -0.01261189   0.00000000
  0.01261189  -0.00000000     0.27731198  -0.00000000    -0.01261189   0.00000000
 -0.01261189   0.00000000    -0.01261189   0.00000000     0.27731198  -0.00000000
    1    2
 -0.20726424   0.06317973     0.03727232   0.03910429    -0.03727232  -0.03910429
  0.03727232   0.03910429    -0.20726424   0.06317973    -0.03727232  -0.03910429
 -0.03727232  -0.03910429    -0.03727232  -0.03910429    -0.20726424   0.06317973
    2    1
 -0.20726424  -0.06317973     0.03727232  -0.03910429    -0.03727232   0.03910429
  0.03727232  -0.03910429    -0.20726424  -0.06317973    -0.03727232   0.03910429
 -0.03727232   0.03910429    -0.03727232   0.03910429    -0.20726424  -0.06317973
    2    2
  0.27731198   0.00000000     0.01261189   0.00000000    -0.01261189  -0.00000000
  0.01261189   0.00000000     0.27731198   0.00000000    -0.01261189  -0.00000000
 -0.01261189  -0.00000000    -0.01261189  -0.00000000     0.27731198   0.00000000

     Diagonalizing the dynamical matrix

     q = (   -0.250000000   0.250000000  -0.250000000 ) 

 **************************************************************************
     freq (    1) =       2.832925 [THz] =      94.496205 [cm-1]
 (  0.029924  0.144240  0.484083  0.188954  0.454159  0.044713 ) 
 (  0.043913  0.140614  0.500267  0.140614  0.456355 -0.000000 ) 
     freq (    2) =       2.832925 [THz] =      94.496205 [cm-1]
 ( -0.507611 -0.232300 -0.155655 -0.197649  0.351956  0.034651 ) 
 ( -0.527930 -0.181447 -0.174272 -0.181447  0.353658  0.000000 ) 
     freq (    3) =       6.776700 [THz] =     226.046373 [cm-1]
 (  0.279406  0.297656 -0.279406 -0.297656  0.279406  0.297656 ) 
 (  0.408248  0.000000 -0.408248  0.000000  0.408248  0.000000 ) 
     freq (    4) =      14.488161 [THz] =     483.273016 [cm-1]
 (  0.279406  0.297656 -0.279406 -0.297656  0.279406  0.297656 ) 
 ( -0.408248 -0.000000  0.408248 -0.000000 -0.408248  0.000000 ) 
     freq (    5) =      14.690486 [THz] =     490.021869 [cm-1]
 ( -0.493039 -0.184352 -0.432945 -0.178436  0.060093  0.005916 ) 
 (  0.508729  0.135158  0.448345  0.135158 -0.060384  0.000000 ) 
     freq (    6) =      14.690486 [THz] =     490.021869 [cm-1]
 ( -0.237020 -0.009053  0.334401  0.047205  0.571421  0.056258 ) 
 (  0.236767 -0.014214 -0.337417 -0.014214 -0.574184  0.000000 ) 
 **************************************************************************
