Dynamical matrix file
phonons on a grid                                                          
  1    2   0  10.3346008   0.0000000   0.0000000   0.0000000   0.0000000   0.0000000
Basis vectors
     -0.500000000    0.000000000    0.500000000
      0.000000000    0.500000000    0.500000000
     -0.500000000    0.500000000    0.000000000
           1  'Si     '    25597.911567706618     
    1    1      0.0000000000      0.0000000000      0.0000000000
    2    1      0.2500000000     -0.2500000000     -0.2500000000

     Dynamical  Matrix in cartesian axes

     q = (    0.750000000  -0.250000000   0.750000000 ) 

    1    1
  0.24819050   0.00000000    -0.00663309   0.00828872     0.00676202   0.00000000
 -0.00663309  -0.00828872     0.30115351   0.00000000    -0.00663309  -0.00828872
  0.00676202   0.00000000    -0.00663309   0.00828872     0.24819050   0.00000000
    1    2
 -0.06471737  -0.06274605    -0.04153513  -0.03918744     0.13134709  -0.03882640
 -0.04153513  -0.03918744    -0.08089176  -0.06214866    -0.04153513  -0.03918744
  0.13134709  -0.03882640    -0.04153513  -0.03918744    -0.06471737  -0.06274605
    2    1
 -0.06471737   0.06274605    -0.04153513   0.03918744     0.13134709   0.03882640
 -0.04153513   0.03918744    -0.08089176   0.06214866    -0.04153513   0.03918744
  0.13134709   0.03882640    -0.04153513   0.03918744    -0.06471737   0.06274605
    2    2
  0.24819050   0.00000000    -0.00663309  -0.00828872     0.00676202   0.00000000
 -0.00663309   0.00828872     0.30115351   0.00000000    -0.00663309   0.00828872
  0.00676202   0.00000000    -0.00663309  -0.00828872     0.24819050   0.00000000

     Dynamical  Matrix in cartesian axes

     q = (    0.750000000  -0.250000000  -0.750000000 ) 

    1    1
  0.24819050   0.00000000    -0.00663309  -0.00828872    -0.00676202   0.00000000
 -0.00663309   0.00828872     0.30115351   0.00000000     0.00663309  -0.00828872
 -0.00676202   0.00000000     0.00663309   0.00828872     0.24819050   0.00000000
    1    2
  0.06471737  -0.06274605     0.04153513  -0.03918744     0.13134709   0.03882640
  0.04153513  -0.03918744     0.08089176  -0.06214866    -0.04153513   0.03918744
  0.13134709   0.03882640    -0.04153513   0.03918744     0.06471737  -0.06274605
    2    1
  0.06471737   0.06274605     0.04153513   0.03918744     0.13134709  -0.03882640
  0.04153513   0.03918744     0.08089176   0.06214866    -0.04153513  -0.03918744
  0.13134709  -0.03882640    -0.04153513  -0.03918744     0.06471737   0.06274605
    2    2
  0.24819050   0.00000000    -0.00663309   0.00828872    -0.00676202   0.00000000
 -0.00663309  -0.00828872     0.30115351   0.00000000     0.00663309   0.00828872
 -0.00676202   0.00000000     0.00663309  -0.00828872     0.24819050   0.00000000

     Dynamical  Matrix in cartesian axes

     q = (   -0.750000000  -0.250000000  -0.750000000 ) 

    1    1
  0.24819050   0.00000000     0.00663309  -0.00828872     0.00676202   0.00000000
  0.00663309   0.00828872     0.30115351   0.00000000     0.00663309   0.00828872
  0.00676202   0.00000000     0.00663309  -0.00828872     0.24819050   0.00000000
    1    2
 -0.06471737  -0.06274605     0.04153513   0.03918744     0.13134709  -0.03882640
  0.04153513   0.03918744    -0.08089176  -0.06214866     0.04153513   0.03918744
  0.13134709  -0.03882640     0.04153513   0.03918744    -0.06471737  -0.06274605
    2    1
 -0.06471737   0.06274605     0.04153513  -0.03918744     0.13134709   0.03882640
  0.04153513  -0.03918744    -0.08089176   0.06214866     0.04153513  -0.03918744
  0.13134709   0.03882640     0.04153513  -0.03918744    -0.06471737   0.06274605
    2    2
  0.24819050   0.00000000     0.00663309   0.00828872     0.00676202   0.00000000
  0.00663309  -0.00828872     0.30115351   0.00000000     0.00663309  -0.00828872
  0.00676202   0.00000000     0.00663309   0.00828872     0.24819050   0.00000000

     Dynamical  Matrix in cartesian axes

     q = (   -0.750000000  -0.250000000   0.750000000 ) 

    1    1
  0.24819050   0.00000000     0.00663309   0.00828872    -0.00676202   0.00000000
  0.00663309  -0.00828872     0.30115351   0.00000000    -0.00663309   0.00828872
 -0.00676202   0.00000000    -0.00663309  -0.00828872     0.24819050   0.00000000
    1    2
 -0.06274605  -0.06471737     0.03918744   0.04153513     0.03882640  -0.13134709
  0.03918744   0.04153513    -0.06214866  -0.08089176    -0.03918744  -0.04153513
  0.03882640  -0.13134709    -0.03918744  -0.04153513    -0.06274605  -0.06471737
    2    1
 -0.06274605   0.06471737     0.03918744  -0.04153513     0.03882640   0.13134709
  0.03918744  -0.04153513    -0.06214866   0.08089176    -0.03918744   0.04153513
  0.03882640   0.13134709    -0.03918744   0.04153513    -0.06274605   0.06471737
    2    2
  0.24819050   0.00000000     0.00663309  -0.00828872    -0.00676202   0.00000000
  0.00663309   0.00828872     0.30115351   0.00000000    -0.00663309  -0.00828872
 -0.00676202   0.00000000    -0.00663309   0.00828872     0.24819050   0.00000000

     Dynamical  Matrix in cartesian axes

     q = (   -0.750000000   0.250000000  -0.750000000 ) 

    1    1
  0.24819050   0.00000000    -0.00663309  -0.00828872     0.00676202   0.00000000
 -0.00663309   0.00828872     0.30115351   0.00000000    -0.00663309   0.00828872
  0.00676202   0.00000000    -0.00663309  -0.00828872     0.24819050   0.00000000
    1    2
 -0.06471737   0.06274605    -0.04153513   0.03918744     0.13134709   0.03882640
 -0.04153513   0.03918744    -0.08089176   0.06214866    -0.04153513   0.03918744
  0.13134709   0.03882640    -0.04153513   0.03918744    -0.06471737   0.06274605
    2    1
 -0.06471737  -0.06274605    -0.04153513  -0.03918744     0.13134709  -0.03882640
 -0.04153513  -0.03918744    -0.08089176  -0.06214866    -0.04153513  -0.03918744
  0.13134709  -0.03882640    -0.04153513  -0.03918744    -0.06471737  -0.06274605
    2    2
  0.24819050   0.00000000    -0.00663309   0.00828872     0.00676202   0.00000000
 -0.00663309  -0.00828872     0.30115351   0.00000000    -0.00663309  -0.00828872
  0.00676202   0.00000000    -0.00663309   0.00828872     0.24819050   0.00000000

     Dynamical  Matrix in cartesian axes

     q = (   -0.250000000   0.750000000  -0.750000000 ) 

    1    1
  0.30115351   0.00000000    -0.00663309   0.00828872     0.00663309  -0.00828872
 -0.00663309  -0.00828872     0.24819050   0.00000000    -0.00676202   0.00000000
  0.00663309   0.00828872    -0.00676202   0.00000000     0.24819050   0.00000000
    1    2
 -0.08089176   0.06214866    -0.04153513   0.03918744     0.04153513  -0.03918744
 -0.04153513   0.03918744    -0.06471737   0.06274605    -0.13134709  -0.03882640
  0.04153513  -0.03918744    -0.13134709  -0.03882640    -0.06471737   0.06274605
    2    1
 -0.08089176  -0.06214866    -0.04153513  -0.03918744     0.04153513   0.03918744
 -0.04153513  -0.03918744    -0.06471737  -0.06274605    -0.13134709   0.03882640
  0.04153513   0.03918744    -0.13134709   0.03882640    -0.06471737  -0.06274605
    2    2
  0.30115351   0.00000000    -0.00663309  -0.00828872     0.00663309   0.00828872
 -0.00663309   0.00828872     0.24819050   0.00000000    -0.00676202   0.00000000
  0.00663309  -0.00828872    -0.00676202   0.00000000     0.24819050   0.00000000

     Dynamical  Matrix in cartesian axes

     q = (   -0.750000000   0.750000000  -0.250000000 ) 

    1    1
  0.24819050   0.00000000    -0.00676202   0.00000000     0.00663309   0.00828872
 -0.00676202   0.00000000     0.24819050   0.00000000    -0.00663309  -0.00828872
  0.00663309  -0.00828872    -0.00663309   0.00828872     0.30115351   0.00000000
    1    2
 -0.06274605  -0.06471737     0.03882640  -0.13134709     0.03918744   0.04153513
  0.03882640  -0.13134709    -0.06274605  -0.06471737    -0.03918744  -0.04153513
  0.03918744   0.04153513    -0.03918744  -0.04153513    -0.06214866  -0.08089176
    2    1
 -0.06274605   0.06471737     0.03882640   0.13134709     0.03918744  -0.04153513
  0.03882640   0.13134709    -0.06274605   0.06471737    -0.03918744   0.04153513
  0.03918744  -0.04153513    -0.03918744   0.04153513    -0.06214866   0.08089176
    2    2
  0.24819050   0.00000000    -0.00676202   0.00000000     0.00663309  -0.00828872
 -0.00676202   0.00000000     0.24819050   0.00000000    -0.00663309   0.00828872
  0.00663309   0.00828872    -0.00663309  -0.00828872     0.30115351   0.00000000

     Dynamical  Matrix in cartesian axes

     q = (    0.750000000   0.250000000   0.750000000 ) 

    1    1
  0.24819050   0.00000000     0.00663309   0.00828872     0.00676202   0.00000000
  0.00663309  -0.00828872     0.30115351   0.00000000     0.00663309  -0.00828872
  0.00676202   0.00000000     0.00663309   0.00828872     0.24819050   0.00000000
    1    2
 -0.06471737   0.06274605     0.04153513  -0.03918744     0.13134709   0.03882640
  0.04153513  -0.03918744    -0.08089176   0.06214866     0.04153513  -0.03918744
  0.13134709   0.03882640     0.04153513  -0.03918744    -0.06471737   0.06274605
    2    1
 -0.06471737  -0.06274605     0.04153513   0.03918744     0.13134709  -0.03882640
  0.04153513   0.03918744    -0.08089176  -0.06214866     0.04153513   0.03918744
  0.13134709  -0.03882640     0.04153513   0.03918744    -0.06471737  -0.06274605
    2    2
  0.24819050   0.00000000     0.00663309  -0.00828872     0.00676202   0.00000000
  0.00663309   0.00828872     0.30115351   0.00000000     0.00663309   0.00828872
  0.00676202   0.00000000     0.00663309  -0.00828872     0.24819050   0.00000000

     Dynamical  Matrix in cartesian axes

     q = (   -0.750000000   0.250000000   0.750000000 ) 

    1    1
  0.24819050   0.00000000    -0.00663309   0.00828872    -0.00676202   0.00000000
 -0.00663309  -0.00828872     0.30115351   0.00000000     0.00663309   0.00828872
 -0.00676202   0.00000000     0.00663309  -0.00828872     0.24819050   0.00000000
    1    2
  0.06471737   0.06274605     0.04153513   0.03918744     0.13134709  -0.03882640
  0.04153513   0.03918744     0.08089176   0.06214866    -0.04153513  -0.03918744
  0.13134709  -0.03882640    -0.04153513  -0.03918744     0.06471737   0.06274605
    2    1
  0.06471737  -0.06274605     0.04153513  -0.03918744     0.13134709   0.03882640
  0.04153513  -0.03918744     0.08089176  -0.06214866    -0.04153513   0.03918744
  0.13134709   0.03882640    -0.04153513   0.03918744     0.06471737  -0.06274605
    2    2
  0.24819050   0.00000000    -0.00663309  -0.00828872    -0.00676202   0.00000000
 -0.00663309   0.00828872     0.30115351   0.00000000     0.00663309  -0.00828872
 -0.00676202   0.00000000     0.00663309   0.00828872     0.24819050   0.00000000

     Dynamical  Matrix in cartesian axes

     q = (    0.750000000   0.250000000  -0.750000000 ) 

    1    1
  0.24819050   0.00000000     0.00663309  -0.00828872    -0.00676202   0.00000000
  0.00663309   0.00828872     0.30115351   0.00000000    -0.00663309  -0.00828872
 -0.00676202   0.00000000    -0.00663309   0.00828872     0.24819050   0.00000000
    1    2
 -0.06274605   0.06471737     0.03918744  -0.04153513     0.03882640   0.13134709
  0.03918744  -0.04153513    -0.06214866   0.08089176    -0.03918744   0.04153513
  0.03882640   0.13134709    -0.03918744   0.04153513    -0.06274605   0.06471737
    2    1
 -0.06274605  -0.06471737     0.03918744   0.04153513     0.03882640  -0.13134709
  0.03918744   0.04153513    -0.06214866  -0.08089176    -0.03918744  -0.04153513
  0.03882640  -0.13134709    -0.03918744  -0.04153513    -0.06274605  -0.06471737
    2    2
  0.24819050   0.00000000     0.00663309   0.00828872    -0.00676202   0.00000000
  0.00663309  -0.00828872     0.30115351   0.00000000    -0.00663309   0.00828872
 -0.00676202   0.00000000    -0.00663309  -0.00828872     0.24819050   0.00000000

     Dynamical  Matrix in cartesian axes

     q = (   -0.750000000   0.750000000   0.250000000 ) 

    1    1
  0.24819050   0.00000000    -0.00676202   0.00000000    -0.00663309   0.00828872
 -0.00676202   0.00000000     0.24819050   0.00000000     0.00663309  -0.00828872
 -0.00663309  -0.00828872     0.00663309   0.00828872     0.30115351   0.00000000
    1    2
  0.06471737   0.06274605     0.13134709  -0.03882640     0.04153513   0.03918744
  0.13134709  -0.03882640     0.06471737   0.06274605    -0.04153513  -0.03918744
  0.04153513   0.03918744    -0.04153513  -0.03918744     0.08089176   0.06214866
    2    1
  0.06471737  -0.06274605     0.13134709   0.03882640     0.04153513  -0.03918744
  0.13134709   0.03882640     0.06471737  -0.06274605    -0.04153513   0.03918744
  0.04153513  -0.03918744    -0.04153513   0.03918744     0.08089176  -0.06214866
    2    2
  0.24819050   0.00000000    -0.00676202   0.00000000    -0.00663309  -0.00828872
 -0.00676202   0.00000000     0.24819050   0.00000000     0.00663309   0.00828872
 -0.00663309   0.00828872     0.00663309  -0.00828872     0.30115351   0.00000000

     Dynamical  Matrix in cartesian axes

     q = (   -0.250000000   0.750000000   0.750000000 ) 

    1    1
  0.30115351   0.00000000    -0.00663309  -0.00828872    -0.00663309  -0.00828872
 -0.00663309   0.00828872     0.24819050   0.00000000     0.00676202   0.00000000
 -0.00663309   0.00828872     0.00676202   0.00000000     0.24819050   0.00000000
    1    2
  0.08089176   0.06214866     0.04153513   0.03918744     0.04153513   0.03918744
  0.04153513   0.03918744     0.06471737   0.06274605    -0.13134709   0.03882640
  0.04153513   0.03918744    -0.13134709   0.03882640     0.06471737   0.06274605
    2    1
  0.08089176  -0.06214866     0.04153513  -0.03918744     0.04153513  -0.03918744
  0.04153513  -0.03918744     0.06471737  -0.06274605    -0.13134709  -0.03882640
  0.04153513  -0.03918744    -0.13134709  -0.03882640     0.06471737  -0.06274605
    2    2
  0.30115351   0.00000000    -0.00663309   0.00828872    -0.00663309   0.00828872
 -0.00663309  -0.00828872     0.24819050   0.00000000     0.00676202   0.00000000
 -0.00663309  -0.00828872     0.00676202   0.00000000     0.24819050   0.00000000

     Dynamical  Matrix in cartesian axes

     q = (    0.250000000   0.750000000  -0.750000000 ) 

    1    1
  0.30115351   0.00000000     0.00663309   0.00828872    -0.00663309  -0.00828872
  0.00663309  -0.00828872     0.24819050   0.00000000    -0.00676202   0.00000000
 -0.00663309   0.00828872    -0.00676202   0.00000000     0.24819050   0.00000000
    1    2
 -0.08089176  -0.06214866     0.04153513   0.03918744    -0.04153513  -0.03918744
  0.04153513   0.03918744    -0.06471737  -0.06274605    -0.13134709   0.03882640
 -0.04153513  -0.03918744    -0.13134709   0.03882640    -0.06471737  -0.06274605
    2    1
 -0.08089176   0.06214866     0.04153513  -0.03918744    -0.04153513   0.03918744
  0.04153513  -0.03918744    -0.06471737   0.06274605    -0.13134709  -0.03882640
 -0.04153513   0.03918744    -0.13134709  -0.03882640    -0.06471737   0.06274605
    2    2
  0.30115351   0.00000000     0.00663309  -0.00828872    -0.00663309   0.00828872
  0.00663309   0.00828872     0.24819050   0.00000000    -0.00676202   0.00000000
 -0.00663309  -0.00828872    -0.00676202   0.00000000     0.24819050   0.00000000

     Dynamical  Matrix in cartesian axes

     q = (   -0.250000000  -0.750000000  -0.750000000 ) 

    1    1
  0.30115351   0.00000000     0.00663309   0.00828872     0.00663309   0.00828872
  0.00663309  -0.00828872     0.24819050   0.00000000     0.00676202   0.00000000
  0.00663309  -0.00828872     0.00676202   0.00000000     0.24819050   0.00000000
    1    2
 -0.06214866   0.08089176     0.03918744  -0.04153513     0.03918744  -0.04153513
  0.03918744  -0.04153513    -0.06274605   0.06471737    -0.03882640  -0.13134709
  0.03918744  -0.04153513    -0.03882640  -0.13134709    -0.06274605   0.06471737
    2    1
 -0.06214866  -0.08089176     0.03918744   0.04153513     0.03918744   0.04153513
  0.03918744   0.04153513    -0.06274605  -0.06471737    -0.03882640   0.13134709
  0.03918744   0.04153513    -0.03882640   0.13134709    -0.06274605  -0.06471737
    2    2
  0.30115351   0.00000000     0.00663309  -0.00828872     0.00663309  -0.00828872
  0.00663309   0.00828872     0.24819050   0.00000000     0.00676202   0.00000000
  0.00663309   0.00828872     0.00676202   0.00000000     0.24819050   0.00000000

     Dynamical  Matrix in cartesian axes

     q = (    0.750000000   0.750000000  -0.250000000 ) 

    1    1
  0.24819050   0.00000000     0.00676202   0.00000000    -0.00663309   0.00828872
  0.00676202   0.00000000     0.24819050   0.00000000    -0.00663309   0.00828872
 -0.00663309  -0.00828872    -0.00663309  -0.00828872     0.30115351   0.00000000
    1    2
 -0.06471737  -0.06274605     0.13134709  -0.03882640    -0.04153513  -0.03918744
  0.13134709  -0.03882640    -0.06471737  -0.06274605    -0.04153513  -0.03918744
 -0.04153513  -0.03918744    -0.04153513  -0.03918744    -0.08089176  -0.06214866
    2    1
 -0.06471737   0.06274605     0.13134709   0.03882640    -0.04153513   0.03918744
  0.13134709   0.03882640    -0.06471737   0.06274605    -0.04153513   0.03918744
 -0.04153513   0.03918744    -0.04153513   0.03918744    -0.08089176   0.06214866
    2    2
  0.24819050   0.00000000     0.00676202   0.00000000    -0.00663309  -0.00828872
  0.00676202   0.00000000     0.24819050   0.00000000    -0.00663309  -0.00828872
 -0.00663309   0.00828872    -0.00663309   0.00828872     0.30115351   0.00000000

     Dynamical  Matrix in cartesian axes

     q = (    0.750000000  -0.750000000   0.250000000 ) 

    1    1
  0.24819050   0.00000000    -0.00676202   0.00000000     0.00663309  -0.00828872
 -0.00676202   0.00000000     0.24819050   0.00000000    -0.00663309   0.00828872
  0.00663309   0.00828872    -0.00663309  -0.00828872     0.30115351   0.00000000
    1    2
 -0.06274605   0.06471737     0.03882640   0.13134709     0.03918744  -0.04153513
  0.03882640   0.13134709    -0.06274605   0.06471737    -0.03918744   0.04153513
  0.03918744  -0.04153513    -0.03918744   0.04153513    -0.06214866   0.08089176
    2    1
 -0.06274605  -0.06471737     0.03882640  -0.13134709     0.03918744   0.04153513
  0.03882640  -0.13134709    -0.06274605  -0.06471737    -0.03918744  -0.04153513
  0.03918744   0.04153513    -0.03918744  -0.04153513    -0.06214866  -0.08089176
    2    2
  0.24819050   0.00000000    -0.00676202   0.00000000     0.00663309   0.00828872
 -0.00676202   0.00000000     0.24819050   0.00000000    -0.00663309  -0.00828872
  0.00663309  -0.00828872    -0.00663309   0.00828872     0.30115351   0.00000000

     Dynamical  Matrix in cartesian axes

     q = (   -0.750000000  -0.750000000  -0.250000000 ) 

    1    1
  0.24819050   0.00000000     0.00676202   0.00000000     0.00663309  -0.00828872
  0.00676202   0.00000000     0.24819050   0.00000000     0.00663309  -0.00828872
  0.00663309   0.00828872     0.00663309   0.00828872     0.30115351   0.00000000
    1    2
 -0.06471737  -0.06274605     0.13134709  -0.03882640     0.04153513   0.03918744
  0.13134709  -0.03882640    -0.06471737  -0.06274605     0.04153513   0.03918744
  0.04153513   0.03918744     0.04153513   0.03918744    -0.08089176  -0.06214866
    2    1
 -0.06471737   0.06274605     0.13134709   0.03882640     0.04153513  -0.03918744
  0.13134709   0.03882640    -0.06471737   0.06274605     0.04153513  -0.03918744
  0.04153513  -0.03918744     0.04153513  -0.03918744    -0.08089176   0.06214866
    2    2
  0.24819050   0.00000000     0.00676202   0.00000000     0.00663309   0.00828872
  0.00676202   0.00000000     0.24819050   0.00000000     0.00663309   0.00828872
  0.00663309  -0.00828872     0.00663309  -0.00828872     0.30115351   0.00000000

     Dynamical  Matrix in cartesian axes

     q = (    0.250000000  -0.750000000   0.750000000 ) 

    1    1
  0.30115351   0.00000000    -0.00663309  -0.00828872     0.00663309   0.00828872
 -0.00663309   0.00828872     0.24819050   0.00000000    -0.00676202   0.00000000
  0.00663309  -0.00828872    -0.00676202   0.00000000     0.24819050   0.00000000
    1    2
 -0.08089176  -0.06214866    -0.04153513  -0.03918744     0.04153513   0.03918744
 -0.04153513  -0.03918744    -0.06471737  -0.06274605    -0.13134709   0.03882640
  0.04153513   0.03918744    -0.13134709   0.03882640    -0.06471737  -0.06274605
    2    1
 -0.08089176   0.06214866    -0.04153513   0.03918744     0.04153513  -0.03918744
 -0.04153513   0.03918744    -0.06471737   0.06274605    -0.13134709  -0.03882640
  0.04153513  -0.03918744    -0.13134709  -0.03882640    -0.06471737   0.06274605
    2    2
  0.30115351   0.00000000    -0.00663309   0.00828872     0.00663309  -0.00828872
 -0.00663309  -0.00828872     0.24819050   0.00000000    -0.00676202   0.00000000
  0.00663309   0.00828872    -0.00676202   0.00000000     0.24819050   0.00000000

     Dynamical  Matrix in cartesian axes

     q = (   -0.750000000  -0.750000000   0.250000000 ) 

    1    1
  0.24819050   0.00000000     0.00676202   0.00000000    -0.00663309  -0.00828872
  0.00676202   0.00000000     0.24819050   0.00000000    -0.00663309  -0.00828872
 -0.00663309   0.00828872    -0.00663309   0.00828872     0.30115351   0.00000000
    1    2
 -0.06471737   0.06274605     0.13134709   0.03882640    -0.04153513   0.03918744
  0.13134709   0.03882640    -0.06471737   0.06274605    -0.04153513   0.03918744
 -0.04153513   0.03918744    -0.04153513   0.03918744    -0.08089176   0.06214866
    2    1
 -0.06471737  -0.06274605     0.13134709  -0.03882640    -0.04153513  -0.03918744
  0.13134709  -0.03882640    -0.06471737  -0.06274605    -0.04153513  -0.03918744
 -0.04153513  -0.03918744    -0.04153513  -0.03918744    -0.08089176  -0.06214866
    2    2
  0.24819050   0.00000000     0.00676202   0.00000000    -0.00663309   0.00828872
  0.00676202   0.00000000     0.24819050   0.00000000    -0.00663309   0.00828872
 -0.00663309  -0.00828872    -0.00663309  -0.00828872     0.30115351   0.00000000

     Dynamical  Matrix in cartesian axes

     q = (    0.250000000   0.750000000   0.750000000 ) 

    1    1
  0.30115351   0.00000000     0.00663309  -0.00828872     0.00663309  -0.00828872
  0.00663309   0.00828872     0.24819050   0.00000000     0.00676202   0.00000000
  0.00663309   0.00828872     0.00676202   0.00000000     0.24819050   0.00000000
    1    2
 -0.06214866  -0.08089176     0.03918744   0.04153513     0.03918744   0.04153513
  0.03918744   0.04153513    -0.06274605  -0.06471737    -0.03882640   0.13134709
  0.03918744   0.04153513    -0.03882640   0.13134709    -0.06274605  -0.06471737
    2    1
 -0.06214866   0.08089176     0.03918744  -0.04153513     0.03918744  -0.04153513
  0.03918744  -0.04153513    -0.06274605   0.06471737    -0.03882640  -0.13134709
  0.03918744  -0.04153513    -0.03882640  -0.13134709    -0.06274605   0.06471737
    2    2
  0.30115351   0.00000000     0.00663309   0.00828872     0.00663309   0.00828872
  0.00663309  -0.00828872     0.24819050   0.00000000     0.00676202   0.00000000
  0.00663309  -0.00828872     0.00676202   0.00000000     0.24819050   0.00000000

     Dynamical  Matrix in cartesian axes

     q = (   -0.250000000  -0.750000000   0.750000000 ) 

    1    1
  0.30115351   0.00000000     0.00663309  -0.00828872    -0.00663309   0.00828872
  0.00663309   0.00828872     0.24819050   0.00000000    -0.00676202   0.00000000
 -0.00663309  -0.00828872    -0.00676202   0.00000000     0.24819050   0.00000000
    1    2
 -0.08089176   0.06214866     0.04153513  -0.03918744    -0.04153513   0.03918744
  0.04153513  -0.03918744    -0.06471737   0.06274605    -0.13134709  -0.03882640
 -0.04153513   0.03918744    -0.13134709  -0.03882640    -0.06471737   0.06274605
    2    1
 -0.08089176  -0.06214866     0.04153513   0.03918744    -0.04153513  -0.03918744
  0.04153513   0.03918744    -0.06471737  -0.06274605    -0.13134709   0.03882640
 -0.04153513  -0.03918744    -0.13134709   0.03882640    -0.06471737  -0.06274605
    2    2
  0.30115351   0.00000000     0.00663309   0.00828872    -0.00663309  -0.00828872
  0.00663309  -0.00828872     0.24819050   0.00000000    -0.00676202   0.00000000
 -0.00663309   0.00828872    -0.00676202   0.00000000     0.24819050   0.00000000

     Dynamical  Matrix in cartesian axes

     q = (    0.750000000   0.750000000   0.250000000 ) 

    1    1
  0.24819050   0.00000000     0.00676202   0.00000000     0.00663309   0.00828872
  0.00676202   0.00000000     0.24819050   0.00000000     0.00663309   0.00828872
  0.00663309  -0.00828872     0.00663309  -0.00828872     0.30115351   0.00000000
    1    2
 -0.06471737   0.06274605     0.13134709   0.03882640     0.04153513  -0.03918744
  0.13134709   0.03882640    -0.06471737   0.06274605     0.04153513  -0.03918744
  0.04153513  -0.03918744     0.04153513  -0.03918744    -0.08089176   0.06214866
    2    1
 -0.06471737  -0.06274605     0.13134709  -0.03882640     0.04153513   0.03918744
  0.13134709  -0.03882640    -0.06471737  -0.06274605     0.04153513   0.03918744
  0.04153513   0.03918744     0.04153513   0.03918744    -0.08089176  -0.06214866
    2    2
  0.24819050   0.00000000     0.00676202   0.00000000     0.00663309  -0.00828872
  0.00676202   0.00000000     0.24819050   0.00000000     0.00663309  -0.00828872
  0.00663309   0.00828872     0.00663309   0.00828872     0.30115351   0.00000000

     Dynamical  Matrix in cartesian axes

     q = (    0.250000000  -0.750000000  -0.750000000 ) 

    1    1
  0.30115351   0.00000000    -0.00663309   0.00828872    -0.00663309   0.00828872
 -0.00663309  -0.00828872     0.24819050   0.00000000     0.00676202   0.00000000
 -0.00663309  -0.00828872     0.00676202   0.00000000     0.24819050   0.00000000
    1    2
  0.08089176  -0.06214866     0.04153513  -0.03918744     0.04153513  -0.03918744
  0.04153513  -0.03918744     0.06471737  -0.06274605    -0.13134709  -0.03882640
  0.04153513  -0.03918744    -0.13134709  -0.03882640     0.06471737  -0.06274605
    2    1
  0.08089176   0.06214866     0.04153513   0.03918744     0.04153513   0.03918744
  0.04153513   0.03918744     0.06471737   0.06274605    -0.13134709   0.03882640
  0.04153513   0.03918744    -0.13134709   0.03882640     0.06471737   0.06274605
    2    2
  0.30115351   0.00000000    -0.00663309  -0.00828872    -0.00663309  -0.00828872
 -0.00663309   0.00828872     0.24819050   0.00000000     0.00676202   0.00000000
 -0.00663309   0.00828872     0.00676202   0.00000000     0.24819050   0.00000000

     Dynamical  Matrix in cartesian axes

     q = (    0.750000000  -0.750000000  -0.250000000 ) 

    1    1
  0.24819050   0.00000000    -0.00676202   0.00000000    -0.00663309  -0.00828872
 -0.00676202   0.00000000     0.24819050   0.00000000     0.00663309   0.00828872
 -0.00663309   0.00828872     0.00663309  -0.00828872     0.30115351   0.00000000
    1    2
  0.06471737  -0.06274605     0.13134709   0.03882640     0.04153513  -0.03918744
  0.13134709   0.03882640     0.06471737  -0.06274605    -0.04153513   0.03918744
  0.04153513  -0.03918744    -0.04153513   0.03918744     0.08089176  -0.06214866
    2    1
  0.06471737   0.06274605     0.13134709  -0.03882640     0.04153513   0.03918744
  0.13134709  -0.03882640     0.06471737   0.06274605    -0.04153513  -0.03918744
  0.04153513   0.03918744    -0.04153513  -0.03918744     0.08089176   0.06214866
    2    2
  0.24819050   0.00000000    -0.00676202   0.00000000    -0.00663309   0.00828872
 -0.00676202   0.00000000     0.24819050   0.00000000     0.00663309  -0.00828872
 -0.00663309  -0.00828872     0.00663309   0.00828872     0.30115351   0.00000000

     Diagonalizing the dynamical matrix

     q = (    0.750000000  -0.250000000   0.750000000 ) 

 **************************************************************************
     freq (    1) =       4.308798 [THz] =     143.726018 [cm-1]
 (  0.496320  0.060551 -0.000000 -0.000000 -0.496320 -0.060551 ) 
 (  0.500000 -0.000000 -0.000000 -0.000000 -0.500000  0.000000 ) 
     freq (    2) =       6.152099 [THz] =     205.211926 [cm-1]
 (  0.135879 -0.396438 -0.156134 -0.352661  0.135879 -0.396438 ) 
 ( -0.419078  0.000000 -0.282985 -0.262044 -0.419078  0.000000 ) 
     freq (    3) =       9.445544 [THz] =     315.069448 [cm-1]
 (  0.305650  0.082743 -0.370430  0.402797  0.305650  0.082743 ) 
 ( -0.316651  0.000000  0.252306  0.485598 -0.316651  0.000000 ) 
     freq (    4) =      12.125852 [THz] =     404.474888 [cm-1]
 ( -0.316743  0.121561  0.320447 -0.408787 -0.316743  0.121561 ) 
 ( -0.339269  0.000000  0.445640  0.266829 -0.339269  0.000000 ) 
     freq (    5) =      13.623184 [THz] =     454.420515 [cm-1]
 (  0.496320  0.060551 -0.000000 -0.000000 -0.496320 -0.060551 ) 
 ( -0.500000  0.000000  0.000000  0.000000  0.500000  0.000000 ) 
     freq (    6) =      14.005419 [THz] =     467.170500 [cm-1]
 (  0.140137 -0.298938 -0.224174 -0.481395  0.140137 -0.298938 ) 
 (  0.330155 -0.000000  0.340726  0.407310  0.330155 -0.000000 ) 
 **************************************************************************
