Dynamical matrix file
phonons on a grid                                                          
  1    2   0  10.3346008   0.0000000   0.0000000   0.0000000   0.0000000   0.0000000
Basis vectors
     -0.500000000    0.000000000    0.500000000
      0.000000000    0.500000000    0.500000000
     -0.500000000    0.500000000    0.000000000
           1  'Si     '    25597.911567706618     
    1    1      0.0000000000      0.0000000000      0.0000000000
    2    1      0.2500000000     -0.2500000000     -0.2500000000

     Dynamical  Matrix in cartesian axes

     q = (    0.750000000  -0.250000000   0.750000000 ) 

    1    1
  0.24818548   0.00000000    -0.00662516   0.00828676     0.00675698   0.00000000
 -0.00662516  -0.00828676     0.30115196   0.00000000    -0.00662516  -0.00828676
  0.00675698   0.00000000    -0.00662516   0.00828676     0.24818548   0.00000000
    1    2
 -0.06472145  -0.06275069    -0.04152934  -0.03918236     0.13134300  -0.03883120
 -0.04152934  -0.03918236    -0.08089486  -0.06215454    -0.04152934  -0.03918236
  0.13134300  -0.03883120    -0.04152934  -0.03918236    -0.06472145  -0.06275069
    2    1
 -0.06472145   0.06275069    -0.04152934   0.03918236     0.13134300   0.03883120
 -0.04152934   0.03918236    -0.08089486   0.06215454    -0.04152934   0.03918236
  0.13134300   0.03883120    -0.04152934   0.03918236    -0.06472145   0.06275069
    2    2
  0.24818548  -0.00000000    -0.00662516  -0.00828676     0.00675698  -0.00000000
 -0.00662516   0.00828676     0.30115196  -0.00000000    -0.00662516   0.00828676
  0.00675698  -0.00000000    -0.00662516  -0.00828676     0.24818548  -0.00000000

     Dynamical  Matrix in cartesian axes

     q = (    0.750000000  -0.250000000  -0.750000000 ) 

    1    1
  0.24818548   0.00000000    -0.00662516  -0.00828676    -0.00675698   0.00000000
 -0.00662516   0.00828676     0.30115196  -0.00000000     0.00662516  -0.00828676
 -0.00675698   0.00000000     0.00662516   0.00828676     0.24818548   0.00000000
    1    2
  0.06472145  -0.06275069     0.04152934  -0.03918236     0.13134300   0.03883120
  0.04152934  -0.03918236     0.08089486  -0.06215454    -0.04152934   0.03918236
  0.13134300   0.03883120    -0.04152934   0.03918236     0.06472145  -0.06275069
    2    1
  0.06472145   0.06275069     0.04152934   0.03918236     0.13134300  -0.03883120
  0.04152934   0.03918236     0.08089486   0.06215454    -0.04152934  -0.03918236
  0.13134300  -0.03883120    -0.04152934  -0.03918236     0.06472145   0.06275069
    2    2
  0.24818548   0.00000000    -0.00662516   0.00828676    -0.00675698   0.00000000
 -0.00662516  -0.00828676     0.30115196   0.00000000     0.00662516   0.00828676
 -0.00675698   0.00000000     0.00662516  -0.00828676     0.24818548   0.00000000

     Dynamical  Matrix in cartesian axes

     q = (   -0.750000000  -0.250000000  -0.750000000 ) 

    1    1
  0.24818548  -0.00000000     0.00662516  -0.00828676     0.00675698  -0.00000000
  0.00662516   0.00828676     0.30115196  -0.00000000     0.00662516   0.00828676
  0.00675698  -0.00000000     0.00662516  -0.00828676     0.24818548  -0.00000000
    1    2
 -0.06472145  -0.06275069     0.04152934   0.03918236     0.13134300  -0.03883120
  0.04152934   0.03918236    -0.08089486  -0.06215454     0.04152934   0.03918236
  0.13134300  -0.03883120     0.04152934   0.03918236    -0.06472145  -0.06275069
    2    1
 -0.06472145   0.06275069     0.04152934  -0.03918236     0.13134300   0.03883120
  0.04152934  -0.03918236    -0.08089486   0.06215454     0.04152934  -0.03918236
  0.13134300   0.03883120     0.04152934  -0.03918236    -0.06472145   0.06275069
    2    2
  0.24818548   0.00000000     0.00662516   0.00828676     0.00675698   0.00000000
  0.00662516  -0.00828676     0.30115196   0.00000000     0.00662516  -0.00828676
  0.00675698   0.00000000     0.00662516   0.00828676     0.24818548   0.00000000

     Dynamical  Matrix in cartesian axes

     q = (   -0.750000000  -0.250000000   0.750000000 ) 

    1    1
  0.24818548   0.00000000     0.00662516   0.00828676    -0.00675698   0.00000000
  0.00662516  -0.00828676     0.30115196   0.00000000    -0.00662516   0.00828676
 -0.00675698   0.00000000    -0.00662516  -0.00828676     0.24818548   0.00000000
    1    2
 -0.06275069  -0.06472145     0.03918236   0.04152934     0.03883120  -0.13134300
  0.03918236   0.04152934    -0.06215454  -0.08089486    -0.03918236  -0.04152934
  0.03883120  -0.13134300    -0.03918236  -0.04152934    -0.06275069  -0.06472145
    2    1
 -0.06275069   0.06472145     0.03918236  -0.04152934     0.03883120   0.13134300
  0.03918236  -0.04152934    -0.06215454   0.08089486    -0.03918236   0.04152934
  0.03883120   0.13134300    -0.03918236   0.04152934    -0.06275069   0.06472145
    2    2
  0.24818548   0.00000000     0.00662516  -0.00828676    -0.00675698   0.00000000
  0.00662516   0.00828676     0.30115196  -0.00000000    -0.00662516  -0.00828676
 -0.00675698   0.00000000    -0.00662516   0.00828676     0.24818548   0.00000000

     Dynamical  Matrix in cartesian axes

     q = (   -0.750000000   0.250000000  -0.750000000 ) 

    1    1
  0.24818548  -0.00000000    -0.00662516  -0.00828676     0.00675698  -0.00000000
 -0.00662516   0.00828676     0.30115196  -0.00000000    -0.00662516   0.00828676
  0.00675698  -0.00000000    -0.00662516  -0.00828676     0.24818548  -0.00000000
    1    2
 -0.06472145   0.06275069    -0.04152934   0.03918236     0.13134300   0.03883120
 -0.04152934   0.03918236    -0.08089486   0.06215454    -0.04152934   0.03918236
  0.13134300   0.03883120    -0.04152934   0.03918236    -0.06472145   0.06275069
    2    1
 -0.06472145  -0.06275069    -0.04152934  -0.03918236     0.13134300  -0.03883120
 -0.04152934  -0.03918236    -0.08089486  -0.06215454    -0.04152934  -0.03918236
  0.13134300  -0.03883120    -0.04152934  -0.03918236    -0.06472145  -0.06275069
    2    2
  0.24818548   0.00000000    -0.00662516   0.00828676     0.00675698   0.00000000
 -0.00662516  -0.00828676     0.30115196   0.00000000    -0.00662516  -0.00828676
  0.00675698   0.00000000    -0.00662516   0.00828676     0.24818548   0.00000000

     Dynamical  Matrix in cartesian axes

     q = (   -0.250000000   0.750000000  -0.750000000 ) 

    1    1
  0.30115196  -0.00000000    -0.00662516   0.00828676     0.00662516  -0.00828676
 -0.00662516  -0.00828676     0.24818548  -0.00000000    -0.00675698   0.00000000
  0.00662516   0.00828676    -0.00675698   0.00000000     0.24818548  -0.00000000
    1    2
 -0.08089486   0.06215454    -0.04152934   0.03918236     0.04152934  -0.03918236
 -0.04152934   0.03918236    -0.06472145   0.06275069    -0.13134300  -0.03883120
  0.04152934  -0.03918236    -0.13134300  -0.03883120    -0.06472145   0.06275069
    2    1
 -0.08089486  -0.06215454    -0.04152934  -0.03918236     0.04152934   0.03918236
 -0.04152934  -0.03918236    -0.06472145  -0.06275069    -0.13134300   0.03883120
  0.04152934   0.03918236    -0.13134300   0.03883120    -0.06472145  -0.06275069
    2    2
  0.30115196   0.00000000    -0.00662516  -0.00828676     0.00662516   0.00828676
 -0.00662516   0.00828676     0.24818548   0.00000000    -0.00675698  -0.00000000
  0.00662516  -0.00828676    -0.00675698  -0.00000000     0.24818548   0.00000000

     Dynamical  Matrix in cartesian axes

     q = (   -0.750000000   0.750000000  -0.250000000 ) 

    1    1
  0.24818548  -0.00000000    -0.00675698   0.00000000     0.00662516   0.00828676
 -0.00675698   0.00000000     0.24818548  -0.00000000    -0.00662516  -0.00828676
  0.00662516  -0.00828676    -0.00662516   0.00828676     0.30115196  -0.00000000
    1    2
 -0.06275069  -0.06472145     0.03883120  -0.13134300     0.03918236   0.04152934
  0.03883120  -0.13134300    -0.06275069  -0.06472145    -0.03918236  -0.04152934
  0.03918236   0.04152934    -0.03918236  -0.04152934    -0.06215454  -0.08089486
    2    1
 -0.06275069   0.06472145     0.03883120   0.13134300     0.03918236  -0.04152934
  0.03883120   0.13134300    -0.06275069   0.06472145    -0.03918236   0.04152934
  0.03918236  -0.04152934    -0.03918236   0.04152934    -0.06215454   0.08089486
    2    2
  0.24818548   0.00000000    -0.00675698  -0.00000000     0.00662516  -0.00828676
 -0.00675698  -0.00000000     0.24818548   0.00000000    -0.00662516   0.00828676
  0.00662516   0.00828676    -0.00662516  -0.00828676     0.30115196   0.00000000

     Dynamical  Matrix in cartesian axes

     q = (    0.750000000   0.250000000   0.750000000 ) 

    1    1
  0.24818548   0.00000000     0.00662516   0.00828676     0.00675698   0.00000000
  0.00662516  -0.00828676     0.30115196   0.00000000     0.00662516  -0.00828676
  0.00675698   0.00000000     0.00662516   0.00828676     0.24818548   0.00000000
    1    2
 -0.06472145   0.06275069     0.04152934  -0.03918236     0.13134300   0.03883120
  0.04152934  -0.03918236    -0.08089486   0.06215454     0.04152934  -0.03918236
  0.13134300   0.03883120     0.04152934  -0.03918236    -0.06472145   0.06275069
    2    1
 -0.06472145  -0.06275069     0.04152934   0.03918236     0.13134300  -0.03883120
  0.04152934   0.03918236    -0.08089486  -0.06215454     0.04152934   0.03918236
  0.13134300  -0.03883120     0.04152934   0.03918236    -0.06472145  -0.06275069
    2    2
  0.24818548  -0.00000000     0.00662516  -0.00828676     0.00675698  -0.00000000
  0.00662516   0.00828676     0.30115196  -0.00000000     0.00662516   0.00828676
  0.00675698  -0.00000000     0.00662516  -0.00828676     0.24818548  -0.00000000

     Dynamical  Matrix in cartesian axes

     q = (   -0.750000000   0.250000000   0.750000000 ) 

    1    1
  0.24818548   0.00000000    -0.00662516   0.00828676    -0.00675698   0.00000000
 -0.00662516  -0.00828676     0.30115196   0.00000000     0.00662516   0.00828676
 -0.00675698   0.00000000     0.00662516  -0.00828676     0.24818548   0.00000000
    1    2
  0.06472145   0.06275069     0.04152934   0.03918236     0.13134300  -0.03883120
  0.04152934   0.03918236     0.08089486   0.06215454    -0.04152934  -0.03918236
  0.13134300  -0.03883120    -0.04152934  -0.03918236     0.06472145   0.06275069
    2    1
  0.06472145  -0.06275069     0.04152934  -0.03918236     0.13134300   0.03883120
  0.04152934  -0.03918236     0.08089486  -0.06215454    -0.04152934   0.03918236
  0.13134300   0.03883120    -0.04152934   0.03918236     0.06472145  -0.06275069
    2    2
  0.24818548   0.00000000    -0.00662516  -0.00828676    -0.00675698   0.00000000
 -0.00662516   0.00828676     0.30115196  -0.00000000     0.00662516  -0.00828676
 -0.00675698   0.00000000     0.00662516   0.00828676     0.24818548   0.00000000

     Dynamical  Matrix in cartesian axes

     q = (    0.750000000   0.250000000  -0.750000000 ) 

    1    1
  0.24818548   0.00000000     0.00662516  -0.00828676    -0.00675698   0.00000000
  0.00662516   0.00828676     0.30115196  -0.00000000    -0.00662516  -0.00828676
 -0.00675698   0.00000000    -0.00662516   0.00828676     0.24818548   0.00000000
    1    2
 -0.06275069   0.06472145     0.03918236  -0.04152934     0.03883120   0.13134300
  0.03918236  -0.04152934    -0.06215454   0.08089486    -0.03918236   0.04152934
  0.03883120   0.13134300    -0.03918236   0.04152934    -0.06275069   0.06472145
    2    1
 -0.06275069  -0.06472145     0.03918236   0.04152934     0.03883120  -0.13134300
  0.03918236   0.04152934    -0.06215454  -0.08089486    -0.03918236  -0.04152934
  0.03883120  -0.13134300    -0.03918236  -0.04152934    -0.06275069  -0.06472145
    2    2
  0.24818548   0.00000000     0.00662516   0.00828676    -0.00675698   0.00000000
  0.00662516  -0.00828676     0.30115196   0.00000000    -0.00662516   0.00828676
 -0.00675698   0.00000000    -0.00662516  -0.00828676     0.24818548   0.00000000

     Dynamical  Matrix in cartesian axes

     q = (   -0.750000000   0.750000000   0.250000000 ) 

    1    1
  0.24818548   0.00000000    -0.00675698  -0.00000000    -0.00662516   0.00828676
 -0.00675698  -0.00000000     0.24818548   0.00000000     0.00662516  -0.00828676
 -0.00662516  -0.00828676     0.00662516   0.00828676     0.30115196   0.00000000
    1    2
  0.06472145   0.06275069     0.13134300  -0.03883120     0.04152934   0.03918236
  0.13134300  -0.03883120     0.06472145   0.06275069    -0.04152934  -0.03918236
  0.04152934   0.03918236    -0.04152934  -0.03918236     0.08089486   0.06215454
    2    1
  0.06472145  -0.06275069     0.13134300   0.03883120     0.04152934  -0.03918236
  0.13134300   0.03883120     0.06472145  -0.06275069    -0.04152934   0.03918236
  0.04152934  -0.03918236    -0.04152934   0.03918236     0.08089486  -0.06215454
    2    2
  0.24818548  -0.00000000    -0.00675698   0.00000000    -0.00662516  -0.00828676
 -0.00675698   0.00000000     0.24818548  -0.00000000     0.00662516   0.00828676
 -0.00662516   0.00828676     0.00662516  -0.00828676     0.30115196  -0.00000000

     Dynamical  Matrix in cartesian axes

     q = (   -0.250000000   0.750000000   0.750000000 ) 

    1    1
  0.30115196   0.00000000    -0.00662516  -0.00828676    -0.00662516  -0.00828676
 -0.00662516   0.00828676     0.24818548   0.00000000     0.00675698  -0.00000000
 -0.00662516   0.00828676     0.00675698  -0.00000000     0.24818548   0.00000000
    1    2
  0.08089486   0.06215454     0.04152934   0.03918236     0.04152934   0.03918236
  0.04152934   0.03918236     0.06472145   0.06275069    -0.13134300   0.03883120
  0.04152934   0.03918236    -0.13134300   0.03883120     0.06472145   0.06275069
    2    1
  0.08089486  -0.06215454     0.04152934  -0.03918236     0.04152934  -0.03918236
  0.04152934  -0.03918236     0.06472145  -0.06275069    -0.13134300  -0.03883120
  0.04152934  -0.03918236    -0.13134300  -0.03883120     0.06472145  -0.06275069
    2    2
  0.30115196  -0.00000000    -0.00662516   0.00828676    -0.00662516   0.00828676
 -0.00662516  -0.00828676     0.24818548  -0.00000000     0.00675698   0.00000000
 -0.00662516  -0.00828676     0.00675698   0.00000000     0.24818548  -0.00000000

     Dynamical  Matrix in cartesian axes

     q = (    0.250000000   0.750000000  -0.750000000 ) 

    1    1
  0.30115196  -0.00000000     0.00662516   0.00828676    -0.00662516  -0.00828676
  0.00662516  -0.00828676     0.24818548  -0.00000000    -0.00675698   0.00000000
 -0.00662516   0.00828676    -0.00675698   0.00000000     0.24818548  -0.00000000
    1    2
 -0.08089486  -0.06215454     0.04152934   0.03918236    -0.04152934  -0.03918236
  0.04152934   0.03918236    -0.06472145  -0.06275069    -0.13134300   0.03883120
 -0.04152934  -0.03918236    -0.13134300   0.03883120    -0.06472145  -0.06275069
    2    1
 -0.08089486   0.06215454     0.04152934  -0.03918236    -0.04152934   0.03918236
  0.04152934  -0.03918236    -0.06472145   0.06275069    -0.13134300  -0.03883120
 -0.04152934   0.03918236    -0.13134300  -0.03883120    -0.06472145   0.06275069
    2    2
  0.30115196   0.00000000     0.00662516  -0.00828676    -0.00662516   0.00828676
  0.00662516   0.00828676     0.24818548   0.00000000    -0.00675698  -0.00000000
 -0.00662516  -0.00828676    -0.00675698  -0.00000000     0.24818548   0.00000000

     Dynamical  Matrix in cartesian axes

     q = (   -0.250000000  -0.750000000  -0.750000000 ) 

    1    1
  0.30115196  -0.00000000     0.00662516   0.00828676     0.00662516   0.00828676
  0.00662516  -0.00828676     0.24818548  -0.00000000     0.00675698   0.00000000
  0.00662516  -0.00828676     0.00675698   0.00000000     0.24818548  -0.00000000
    1    2
 -0.06215454   0.08089486     0.03918236  -0.04152934     0.03918236  -0.04152934
  0.03918236  -0.04152934    -0.06275069   0.06472145    -0.03883120  -0.13134300
  0.03918236  -0.04152934    -0.03883120  -0.13134300    -0.06275069   0.06472145
    2    1
 -0.06215454  -0.08089486     0.03918236   0.04152934     0.03918236   0.04152934
  0.03918236   0.04152934    -0.06275069  -0.06472145    -0.03883120   0.13134300
  0.03918236   0.04152934    -0.03883120   0.13134300    -0.06275069  -0.06472145
    2    2
  0.30115196   0.00000000     0.00662516  -0.00828676     0.00662516  -0.00828676
  0.00662516   0.00828676     0.24818548   0.00000000     0.00675698  -0.00000000
  0.00662516   0.00828676     0.00675698  -0.00000000     0.24818548   0.00000000

     Dynamical  Matrix in cartesian axes

     q = (    0.750000000   0.750000000  -0.250000000 ) 

    1    1
  0.24818548  -0.00000000     0.00675698  -0.00000000    -0.00662516   0.00828676
  0.00675698  -0.00000000     0.24818548  -0.00000000    -0.00662516   0.00828676
 -0.00662516  -0.00828676    -0.00662516  -0.00828676     0.30115196  -0.00000000
    1    2
 -0.06472145  -0.06275069     0.13134300  -0.03883120    -0.04152934  -0.03918236
  0.13134300  -0.03883120    -0.06472145  -0.06275069    -0.04152934  -0.03918236
 -0.04152934  -0.03918236    -0.04152934  -0.03918236    -0.08089486  -0.06215454
    2    1
 -0.06472145   0.06275069     0.13134300   0.03883120    -0.04152934   0.03918236
  0.13134300   0.03883120    -0.06472145   0.06275069    -0.04152934   0.03918236
 -0.04152934   0.03918236    -0.04152934   0.03918236    -0.08089486   0.06215454
    2    2
  0.24818548   0.00000000     0.00675698   0.00000000    -0.00662516  -0.00828676
  0.00675698   0.00000000     0.24818548   0.00000000    -0.00662516  -0.00828676
 -0.00662516   0.00828676    -0.00662516   0.00828676     0.30115196   0.00000000

     Dynamical  Matrix in cartesian axes

     q = (    0.750000000  -0.750000000   0.250000000 ) 

    1    1
  0.24818548   0.00000000    -0.00675698  -0.00000000     0.00662516  -0.00828676
 -0.00675698  -0.00000000     0.24818548   0.00000000    -0.00662516   0.00828676
  0.00662516   0.00828676    -0.00662516  -0.00828676     0.30115196   0.00000000
    1    2
 -0.06275069   0.06472145     0.03883120   0.13134300     0.03918236  -0.04152934
  0.03883120   0.13134300    -0.06275069   0.06472145    -0.03918236   0.04152934
  0.03918236  -0.04152934    -0.03918236   0.04152934    -0.06215454   0.08089486
    2    1
 -0.06275069  -0.06472145     0.03883120  -0.13134300     0.03918236   0.04152934
  0.03883120  -0.13134300    -0.06275069  -0.06472145    -0.03918236  -0.04152934
  0.03918236   0.04152934    -0.03918236  -0.04152934    -0.06215454  -0.08089486
    2    2
  0.24818548  -0.00000000    -0.00675698   0.00000000     0.00662516   0.00828676
 -0.00675698   0.00000000     0.24818548  -0.00000000    -0.00662516  -0.00828676
  0.00662516  -0.00828676    -0.00662516   0.00828676     0.30115196  -0.00000000

     Dynamical  Matrix in cartesian axes

     q = (   -0.750000000  -0.750000000  -0.250000000 ) 

    1    1
  0.24818548   0.00000000     0.00675698   0.00000000     0.00662516  -0.00828676
  0.00675698   0.00000000     0.24818548   0.00000000     0.00662516  -0.00828676
  0.00662516   0.00828676     0.00662516   0.00828676     0.30115196   0.00000000
    1    2
 -0.06472145  -0.06275069     0.13134300  -0.03883120     0.04152934   0.03918236
  0.13134300  -0.03883120    -0.06472145  -0.06275069     0.04152934   0.03918236
  0.04152934   0.03918236     0.04152934   0.03918236    -0.08089486  -0.06215454
    2    1
 -0.06472145   0.06275069     0.13134300   0.03883120     0.04152934  -0.03918236
  0.13134300   0.03883120    -0.06472145   0.06275069     0.04152934  -0.03918236
  0.04152934  -0.03918236     0.04152934  -0.03918236    -0.08089486   0.06215454
    2    2
  0.24818548  -0.00000000     0.00675698  -0.00000000     0.00662516   0.00828676
  0.00675698  -0.00000000     0.24818548  -0.00000000     0.00662516   0.00828676
  0.00662516  -0.00828676     0.00662516  -0.00828676     0.30115196  -0.00000000

     Dynamical  Matrix in cartesian axes

     q = (    0.250000000  -0.750000000   0.750000000 ) 

    1    1
  0.30115196   0.00000000    -0.00662516  -0.00828676     0.00662516   0.00828676
 -0.00662516   0.00828676     0.24818548   0.00000000    -0.00675698  -0.00000000
  0.00662516  -0.00828676    -0.00675698  -0.00000000     0.24818548   0.00000000
    1    2
 -0.08089486  -0.06215454    -0.04152934  -0.03918236     0.04152934   0.03918236
 -0.04152934  -0.03918236    -0.06472145  -0.06275069    -0.13134300   0.03883120
  0.04152934   0.03918236    -0.13134300   0.03883120    -0.06472145  -0.06275069
    2    1
 -0.08089486   0.06215454    -0.04152934   0.03918236     0.04152934  -0.03918236
 -0.04152934   0.03918236    -0.06472145   0.06275069    -0.13134300  -0.03883120
  0.04152934  -0.03918236    -0.13134300  -0.03883120    -0.06472145   0.06275069
    2    2
  0.30115196  -0.00000000    -0.00662516   0.00828676     0.00662516  -0.00828676
 -0.00662516  -0.00828676     0.24818548  -0.00000000    -0.00675698   0.00000000
  0.00662516   0.00828676    -0.00675698   0.00000000     0.24818548  -0.00000000

     Dynamical  Matrix in cartesian axes

     q = (   -0.750000000  -0.750000000   0.250000000 ) 

    1    1
  0.24818548   0.00000000     0.00675698   0.00000000    -0.00662516  -0.00828676
  0.00675698   0.00000000     0.24818548   0.00000000    -0.00662516  -0.00828676
 -0.00662516   0.00828676    -0.00662516   0.00828676     0.30115196   0.00000000
    1    2
 -0.06472145   0.06275069     0.13134300   0.03883120    -0.04152934   0.03918236
  0.13134300   0.03883120    -0.06472145   0.06275069    -0.04152934   0.03918236
 -0.04152934   0.03918236    -0.04152934   0.03918236    -0.08089486   0.06215454
    2    1
 -0.06472145  -0.06275069     0.13134300  -0.03883120    -0.04152934  -0.03918236
  0.13134300  -0.03883120    -0.06472145  -0.06275069    -0.04152934  -0.03918236
 -0.04152934  -0.03918236    -0.04152934  -0.03918236    -0.08089486  -0.06215454
    2    2
  0.24818548  -0.00000000     0.00675698  -0.00000000    -0.00662516   0.00828676
  0.00675698  -0.00000000     0.24818548  -0.00000000    -0.00662516   0.00828676
 -0.00662516  -0.00828676    -0.00662516  -0.00828676     0.30115196  -0.00000000

     Dynamical  Matrix in cartesian axes

     q = (    0.250000000   0.750000000   0.750000000 ) 

    1    1
  0.30115196   0.00000000     0.00662516  -0.00828676     0.00662516  -0.00828676
  0.00662516   0.00828676     0.24818548   0.00000000     0.00675698  -0.00000000
  0.00662516   0.00828676     0.00675698  -0.00000000     0.24818548   0.00000000
    1    2
 -0.06215454  -0.08089486     0.03918236   0.04152934     0.03918236   0.04152934
  0.03918236   0.04152934    -0.06275069  -0.06472145    -0.03883120   0.13134300
  0.03918236   0.04152934    -0.03883120   0.13134300    -0.06275069  -0.06472145
    2    1
 -0.06215454   0.08089486     0.03918236  -0.04152934     0.03918236  -0.04152934
  0.03918236  -0.04152934    -0.06275069   0.06472145    -0.03883120  -0.13134300
  0.03918236  -0.04152934    -0.03883120  -0.13134300    -0.06275069   0.06472145
    2    2
  0.30115196  -0.00000000     0.00662516   0.00828676     0.00662516   0.00828676
  0.00662516  -0.00828676     0.24818548  -0.00000000     0.00675698   0.00000000
  0.00662516  -0.00828676     0.00675698   0.00000000     0.24818548  -0.00000000

     Dynamical  Matrix in cartesian axes

     q = (   -0.250000000  -0.750000000   0.750000000 ) 

    1    1
  0.30115196   0.00000000     0.00662516  -0.00828676    -0.00662516   0.00828676
  0.00662516   0.00828676     0.24818548   0.00000000    -0.00675698  -0.00000000
 -0.00662516  -0.00828676    -0.00675698  -0.00000000     0.24818548   0.00000000
    1    2
 -0.08089486   0.06215454     0.04152934  -0.03918236    -0.04152934   0.03918236
  0.04152934  -0.03918236    -0.06472145   0.06275069    -0.13134300  -0.03883120
 -0.04152934   0.03918236    -0.13134300  -0.03883120    -0.06472145   0.06275069
    2    1
 -0.08089486  -0.06215454     0.04152934   0.03918236    -0.04152934  -0.03918236
  0.04152934   0.03918236    -0.06472145  -0.06275069    -0.13134300   0.03883120
 -0.04152934  -0.03918236    -0.13134300   0.03883120    -0.06472145  -0.06275069
    2    2
  0.30115196  -0.00000000     0.00662516   0.00828676    -0.00662516  -0.00828676
  0.00662516  -0.00828676     0.24818548  -0.00000000    -0.00675698   0.00000000
 -0.00662516   0.00828676    -0.00675698   0.00000000     0.24818548  -0.00000000

     Dynamical  Matrix in cartesian axes

     q = (    0.750000000   0.750000000   0.250000000 ) 

    1    1
  0.24818548  -0.00000000     0.00675698  -0.00000000     0.00662516   0.00828676
  0.00675698  -0.00000000     0.24818548  -0.00000000     0.00662516   0.00828676
  0.00662516  -0.00828676     0.00662516  -0.00828676     0.30115196  -0.00000000
    1    2
 -0.06472145   0.06275069     0.13134300   0.03883120     0.04152934  -0.03918236
  0.13134300   0.03883120    -0.06472145   0.06275069     0.04152934  -0.03918236
  0.04152934  -0.03918236     0.04152934  -0.03918236    -0.08089486   0.06215454
    2    1
 -0.06472145  -0.06275069     0.13134300  -0.03883120     0.04152934   0.03918236
  0.13134300  -0.03883120    -0.06472145  -0.06275069     0.04152934   0.03918236
  0.04152934   0.03918236     0.04152934   0.03918236    -0.08089486  -0.06215454
    2    2
  0.24818548   0.00000000     0.00675698   0.00000000     0.00662516  -0.00828676
  0.00675698   0.00000000     0.24818548   0.00000000     0.00662516  -0.00828676
  0.00662516   0.00828676     0.00662516   0.00828676     0.30115196   0.00000000

     Dynamical  Matrix in cartesian axes

     q = (    0.250000000  -0.750000000  -0.750000000 ) 

    1    1
  0.30115196  -0.00000000    -0.00662516   0.00828676    -0.00662516   0.00828676
 -0.00662516  -0.00828676     0.24818548  -0.00000000     0.00675698   0.00000000
 -0.00662516  -0.00828676     0.00675698   0.00000000     0.24818548  -0.00000000
    1    2
  0.08089486  -0.06215454     0.04152934  -0.03918236     0.04152934  -0.03918236
  0.04152934  -0.03918236     0.06472145  -0.06275069    -0.13134300  -0.03883120
  0.04152934  -0.03918236    -0.13134300  -0.03883120     0.06472145  -0.06275069
    2    1
  0.08089486   0.06215454     0.04152934   0.03918236     0.04152934   0.03918236
  0.04152934   0.03918236     0.06472145   0.06275069    -0.13134300   0.03883120
  0.04152934   0.03918236    -0.13134300   0.03883120     0.06472145   0.06275069
    2    2
  0.30115196   0.00000000    -0.00662516  -0.00828676    -0.00662516  -0.00828676
 -0.00662516   0.00828676     0.24818548   0.00000000     0.00675698  -0.00000000
 -0.00662516   0.00828676     0.00675698  -0.00000000     0.24818548   0.00000000

     Dynamical  Matrix in cartesian axes

     q = (    0.750000000  -0.750000000  -0.250000000 ) 

    1    1
  0.24818548  -0.00000000    -0.00675698   0.00000000    -0.00662516  -0.00828676
 -0.00675698   0.00000000     0.24818548  -0.00000000     0.00662516   0.00828676
 -0.00662516   0.00828676     0.00662516  -0.00828676     0.30115196  -0.00000000
    1    2
  0.06472145  -0.06275069     0.13134300   0.03883120     0.04152934  -0.03918236
  0.13134300   0.03883120     0.06472145  -0.06275069    -0.04152934   0.03918236
  0.04152934  -0.03918236    -0.04152934   0.03918236     0.08089486  -0.06215454
    2    1
  0.06472145   0.06275069     0.13134300  -0.03883120     0.04152934   0.03918236
  0.13134300  -0.03883120     0.06472145   0.06275069    -0.04152934  -0.03918236
  0.04152934   0.03918236    -0.04152934  -0.03918236     0.08089486   0.06215454
    2    2
  0.24818548   0.00000000    -0.00675698  -0.00000000    -0.00662516   0.00828676
 -0.00675698  -0.00000000     0.24818548   0.00000000     0.00662516  -0.00828676
 -0.00662516  -0.00828676     0.00662516   0.00828676     0.30115196   0.00000000

     Diagonalizing the dynamical matrix

     q = (    0.750000000  -0.250000000   0.750000000 ) 

 **************************************************************************
     freq (    1) =       4.308800 [THz] =     143.726090 [cm-1]
 ( -0.496320 -0.060550  0.000000 -0.000000  0.496320  0.060550 ) 
 ( -0.500000 -0.000000 -0.000000 -0.000000  0.500000  0.000000 ) 
     freq (    2) =       6.152145 [THz] =     205.213482 [cm-1]
 ( -0.135900  0.396453  0.156121  0.352617 -0.135900  0.396453 ) 
 (  0.419099  0.000000  0.282939  0.262027  0.419099  0.000000 ) 
     freq (    3) =       9.445384 [THz] =     315.064098 [cm-1]
 (  0.305619  0.082680 -0.370400  0.402897  0.305619  0.082680 ) 
 ( -0.316606 -0.000000  0.252332  0.485644 -0.316606  0.000000 ) 
     freq (    4) =      12.125642 [THz] =     404.467885 [cm-1]
 (  0.316743 -0.121680 -0.320336  0.408804  0.316743 -0.121680 ) 
 (  0.339311 -0.000000 -0.445630 -0.266739  0.339311  0.000000 ) 
     freq (    5) =      13.623184 [THz] =     454.420508 [cm-1]
 ( -0.496320 -0.060550  0.000000  0.000000  0.496320  0.060550 ) 
 (  0.500000 -0.000000 -0.000000 -0.000000 -0.500000  0.000000 ) 
     freq (    6) =      14.005338 [THz] =     467.167800 [cm-1]
 (  0.140071 -0.298940 -0.224177 -0.481430  0.140071 -0.298940 ) 
 (  0.330129 -0.000000  0.340830  0.407265  0.330129  0.000000 ) 
 **************************************************************************
