Dynamical matrix file
phonons on a grid                                                          
  1    2   0  10.3346008   0.0000000   0.0000000   0.0000000   0.0000000   0.0000000
Basis vectors
     -0.500000000    0.000000000    0.500000000
      0.000000000    0.500000000    0.500000000
     -0.500000000    0.500000000    0.000000000
           1  'Si     '    25597.911567706618     
    1    1      0.0000000000      0.0000000000      0.0000000000
    2    1      0.2500000000     -0.2500000000     -0.2500000000

     Dynamical  Matrix in cartesian axes

     q = (    0.750000000  -0.250000000   0.750000000 ) 

    1    1
  0.24818802   0.00000000    -0.00663147   0.00828276     0.00675966   0.00000000
 -0.00663147  -0.00828276     0.30115854   0.00000000    -0.00663147  -0.00828276
  0.00675966   0.00000000    -0.00663147   0.00828276     0.24818802   0.00000000
    1    2
 -0.06472187  -0.06274495    -0.04153193  -0.03918887     0.13134241  -0.03882533
 -0.04153193  -0.03918887    -0.08088230  -0.06214742    -0.04153193  -0.03918887
  0.13134241  -0.03882533    -0.04153193  -0.03918887    -0.06472187  -0.06274495
    2    1
 -0.06472187   0.06274495    -0.04153193   0.03918887     0.13134241   0.03882533
 -0.04153193   0.03918887    -0.08088230   0.06214742    -0.04153193   0.03918887
  0.13134241   0.03882533    -0.04153193   0.03918887    -0.06472187   0.06274495
    2    2
  0.24818802   0.00000000    -0.00663147  -0.00828276     0.00675966   0.00000000
 -0.00663147   0.00828276     0.30115854   0.00000000    -0.00663147   0.00828276
  0.00675966   0.00000000    -0.00663147  -0.00828276     0.24818802   0.00000000

     Dynamical  Matrix in cartesian axes

     q = (    0.750000000  -0.250000000  -0.750000000 ) 

    1    1
  0.24818802   0.00000000    -0.00663147  -0.00828276    -0.00675966   0.00000000
 -0.00663147   0.00828276     0.30115854   0.00000000     0.00663147  -0.00828276
 -0.00675966   0.00000000     0.00663147   0.00828276     0.24818802   0.00000000
    1    2
  0.06472187  -0.06274495     0.04153193  -0.03918887     0.13134241   0.03882533
  0.04153193  -0.03918887     0.08088230  -0.06214742    -0.04153193   0.03918887
  0.13134241   0.03882533    -0.04153193   0.03918887     0.06472187  -0.06274495
    2    1
  0.06472187   0.06274495     0.04153193   0.03918887     0.13134241  -0.03882533
  0.04153193   0.03918887     0.08088230   0.06214742    -0.04153193  -0.03918887
  0.13134241  -0.03882533    -0.04153193  -0.03918887     0.06472187   0.06274495
    2    2
  0.24818802   0.00000000    -0.00663147   0.00828276    -0.00675966   0.00000000
 -0.00663147  -0.00828276     0.30115854   0.00000000     0.00663147   0.00828276
 -0.00675966   0.00000000     0.00663147  -0.00828276     0.24818802   0.00000000

     Dynamical  Matrix in cartesian axes

     q = (   -0.750000000  -0.250000000  -0.750000000 ) 

    1    1
  0.24818802   0.00000000     0.00663147  -0.00828276     0.00675966   0.00000000
  0.00663147   0.00828276     0.30115854   0.00000000     0.00663147   0.00828276
  0.00675966   0.00000000     0.00663147  -0.00828276     0.24818802   0.00000000
    1    2
 -0.06472187  -0.06274495     0.04153193   0.03918887     0.13134241  -0.03882533
  0.04153193   0.03918887    -0.08088230  -0.06214742     0.04153193   0.03918887
  0.13134241  -0.03882533     0.04153193   0.03918887    -0.06472187  -0.06274495
    2    1
 -0.06472187   0.06274495     0.04153193  -0.03918887     0.13134241   0.03882533
  0.04153193  -0.03918887    -0.08088230   0.06214742     0.04153193  -0.03918887
  0.13134241   0.03882533     0.04153193  -0.03918887    -0.06472187   0.06274495
    2    2
  0.24818802   0.00000000     0.00663147   0.00828276     0.00675966   0.00000000
  0.00663147  -0.00828276     0.30115854   0.00000000     0.00663147  -0.00828276
  0.00675966   0.00000000     0.00663147   0.00828276     0.24818802   0.00000000

     Dynamical  Matrix in cartesian axes

     q = (   -0.750000000  -0.250000000   0.750000000 ) 

    1    1
  0.24818802   0.00000000     0.00663147   0.00828276    -0.00675966   0.00000000
  0.00663147  -0.00828276     0.30115854   0.00000000    -0.00663147   0.00828276
 -0.00675966   0.00000000    -0.00663147  -0.00828276     0.24818802   0.00000000
    1    2
 -0.06274495  -0.06472187     0.03918887   0.04153193     0.03882533  -0.13134241
  0.03918887   0.04153193    -0.06214742  -0.08088230    -0.03918887  -0.04153193
  0.03882533  -0.13134241    -0.03918887  -0.04153193    -0.06274495  -0.06472187
    2    1
 -0.06274495   0.06472187     0.03918887  -0.04153193     0.03882533   0.13134241
  0.03918887  -0.04153193    -0.06214742   0.08088230    -0.03918887   0.04153193
  0.03882533   0.13134241    -0.03918887   0.04153193    -0.06274495   0.06472187
    2    2
  0.24818802   0.00000000     0.00663147  -0.00828276    -0.00675966   0.00000000
  0.00663147   0.00828276     0.30115854   0.00000000    -0.00663147  -0.00828276
 -0.00675966   0.00000000    -0.00663147   0.00828276     0.24818802   0.00000000

     Dynamical  Matrix in cartesian axes

     q = (   -0.750000000   0.250000000  -0.750000000 ) 

    1    1
  0.24818802   0.00000000    -0.00663147  -0.00828276     0.00675966   0.00000000
 -0.00663147   0.00828276     0.30115854   0.00000000    -0.00663147   0.00828276
  0.00675966   0.00000000    -0.00663147  -0.00828276     0.24818802   0.00000000
    1    2
 -0.06472187   0.06274495    -0.04153193   0.03918887     0.13134241   0.03882533
 -0.04153193   0.03918887    -0.08088230   0.06214742    -0.04153193   0.03918887
  0.13134241   0.03882533    -0.04153193   0.03918887    -0.06472187   0.06274495
    2    1
 -0.06472187  -0.06274495    -0.04153193  -0.03918887     0.13134241  -0.03882533
 -0.04153193  -0.03918887    -0.08088230  -0.06214742    -0.04153193  -0.03918887
  0.13134241  -0.03882533    -0.04153193  -0.03918887    -0.06472187  -0.06274495
    2    2
  0.24818802   0.00000000    -0.00663147   0.00828276     0.00675966   0.00000000
 -0.00663147  -0.00828276     0.30115854   0.00000000    -0.00663147  -0.00828276
  0.00675966   0.00000000    -0.00663147   0.00828276     0.24818802   0.00000000

     Dynamical  Matrix in cartesian axes

     q = (   -0.250000000   0.750000000  -0.750000000 ) 

    1    1
  0.30115854   0.00000000    -0.00663147   0.00828276     0.00663147  -0.00828276
 -0.00663147  -0.00828276     0.24818802   0.00000000    -0.00675966   0.00000000
  0.00663147   0.00828276    -0.00675966   0.00000000     0.24818802   0.00000000
    1    2
 -0.08088230   0.06214742    -0.04153193   0.03918887     0.04153193  -0.03918887
 -0.04153193   0.03918887    -0.06472187   0.06274495    -0.13134241  -0.03882533
  0.04153193  -0.03918887    -0.13134241  -0.03882533    -0.06472187   0.06274495
    2    1
 -0.08088230  -0.06214742    -0.04153193  -0.03918887     0.04153193   0.03918887
 -0.04153193  -0.03918887    -0.06472187  -0.06274495    -0.13134241   0.03882533
  0.04153193   0.03918887    -0.13134241   0.03882533    -0.06472187  -0.06274495
    2    2
  0.30115854   0.00000000    -0.00663147  -0.00828276     0.00663147   0.00828276
 -0.00663147   0.00828276     0.24818802   0.00000000    -0.00675966   0.00000000
  0.00663147  -0.00828276    -0.00675966   0.00000000     0.24818802   0.00000000

     Dynamical  Matrix in cartesian axes

     q = (   -0.750000000   0.750000000  -0.250000000 ) 

    1    1
  0.24818802   0.00000000    -0.00675966   0.00000000     0.00663147   0.00828276
 -0.00675966   0.00000000     0.24818802   0.00000000    -0.00663147  -0.00828276
  0.00663147  -0.00828276    -0.00663147   0.00828276     0.30115854   0.00000000
    1    2
 -0.06274495  -0.06472187     0.03882533  -0.13134241     0.03918887   0.04153193
  0.03882533  -0.13134241    -0.06274495  -0.06472187    -0.03918887  -0.04153193
  0.03918887   0.04153193    -0.03918887  -0.04153193    -0.06214742  -0.08088230
    2    1
 -0.06274495   0.06472187     0.03882533   0.13134241     0.03918887  -0.04153193
  0.03882533   0.13134241    -0.06274495   0.06472187    -0.03918887   0.04153193
  0.03918887  -0.04153193    -0.03918887   0.04153193    -0.06214742   0.08088230
    2    2
  0.24818802   0.00000000    -0.00675966   0.00000000     0.00663147  -0.00828276
 -0.00675966   0.00000000     0.24818802   0.00000000    -0.00663147   0.00828276
  0.00663147   0.00828276    -0.00663147  -0.00828276     0.30115854   0.00000000

     Dynamical  Matrix in cartesian axes

     q = (    0.750000000   0.250000000   0.750000000 ) 

    1    1
  0.24818802   0.00000000     0.00663147   0.00828276     0.00675966   0.00000000
  0.00663147  -0.00828276     0.30115854   0.00000000     0.00663147  -0.00828276
  0.00675966   0.00000000     0.00663147   0.00828276     0.24818802   0.00000000
    1    2
 -0.06472187   0.06274495     0.04153193  -0.03918887     0.13134241   0.03882533
  0.04153193  -0.03918887    -0.08088230   0.06214742     0.04153193  -0.03918887
  0.13134241   0.03882533     0.04153193  -0.03918887    -0.06472187   0.06274495
    2    1
 -0.06472187  -0.06274495     0.04153193   0.03918887     0.13134241  -0.03882533
  0.04153193   0.03918887    -0.08088230  -0.06214742     0.04153193   0.03918887
  0.13134241  -0.03882533     0.04153193   0.03918887    -0.06472187  -0.06274495
    2    2
  0.24818802   0.00000000     0.00663147  -0.00828276     0.00675966   0.00000000
  0.00663147   0.00828276     0.30115854   0.00000000     0.00663147   0.00828276
  0.00675966   0.00000000     0.00663147  -0.00828276     0.24818802   0.00000000

     Dynamical  Matrix in cartesian axes

     q = (   -0.750000000   0.250000000   0.750000000 ) 

    1    1
  0.24818802   0.00000000    -0.00663147   0.00828276    -0.00675966   0.00000000
 -0.00663147  -0.00828276     0.30115854   0.00000000     0.00663147   0.00828276
 -0.00675966   0.00000000     0.00663147  -0.00828276     0.24818802   0.00000000
    1    2
  0.06472187   0.06274495     0.04153193   0.03918887     0.13134241  -0.03882533
  0.04153193   0.03918887     0.08088230   0.06214742    -0.04153193  -0.03918887
  0.13134241  -0.03882533    -0.04153193  -0.03918887     0.06472187   0.06274495
    2    1
  0.06472187  -0.06274495     0.04153193  -0.03918887     0.13134241   0.03882533
  0.04153193  -0.03918887     0.08088230  -0.06214742    -0.04153193   0.03918887
  0.13134241   0.03882533    -0.04153193   0.03918887     0.06472187  -0.06274495
    2    2
  0.24818802   0.00000000    -0.00663147  -0.00828276    -0.00675966   0.00000000
 -0.00663147   0.00828276     0.30115854   0.00000000     0.00663147  -0.00828276
 -0.00675966   0.00000000     0.00663147   0.00828276     0.24818802   0.00000000

     Dynamical  Matrix in cartesian axes

     q = (    0.750000000   0.250000000  -0.750000000 ) 

    1    1
  0.24818802   0.00000000     0.00663147  -0.00828276    -0.00675966   0.00000000
  0.00663147   0.00828276     0.30115854   0.00000000    -0.00663147  -0.00828276
 -0.00675966   0.00000000    -0.00663147   0.00828276     0.24818802   0.00000000
    1    2
 -0.06274495   0.06472187     0.03918887  -0.04153193     0.03882533   0.13134241
  0.03918887  -0.04153193    -0.06214742   0.08088230    -0.03918887   0.04153193
  0.03882533   0.13134241    -0.03918887   0.04153193    -0.06274495   0.06472187
    2    1
 -0.06274495  -0.06472187     0.03918887   0.04153193     0.03882533  -0.13134241
  0.03918887   0.04153193    -0.06214742  -0.08088230    -0.03918887  -0.04153193
  0.03882533  -0.13134241    -0.03918887  -0.04153193    -0.06274495  -0.06472187
    2    2
  0.24818802   0.00000000     0.00663147   0.00828276    -0.00675966   0.00000000
  0.00663147  -0.00828276     0.30115854   0.00000000    -0.00663147   0.00828276
 -0.00675966   0.00000000    -0.00663147  -0.00828276     0.24818802   0.00000000

     Dynamical  Matrix in cartesian axes

     q = (   -0.750000000   0.750000000   0.250000000 ) 

    1    1
  0.24818802   0.00000000    -0.00675966   0.00000000    -0.00663147   0.00828276
 -0.00675966   0.00000000     0.24818802   0.00000000     0.00663147  -0.00828276
 -0.00663147  -0.00828276     0.00663147   0.00828276     0.30115854   0.00000000
    1    2
  0.06472187   0.06274495     0.13134241  -0.03882533     0.04153193   0.03918887
  0.13134241  -0.03882533     0.06472187   0.06274495    -0.04153193  -0.03918887
  0.04153193   0.03918887    -0.04153193  -0.03918887     0.08088230   0.06214742
    2    1
  0.06472187  -0.06274495     0.13134241   0.03882533     0.04153193  -0.03918887
  0.13134241   0.03882533     0.06472187  -0.06274495    -0.04153193   0.03918887
  0.04153193  -0.03918887    -0.04153193   0.03918887     0.08088230  -0.06214742
    2    2
  0.24818802   0.00000000    -0.00675966   0.00000000    -0.00663147  -0.00828276
 -0.00675966   0.00000000     0.24818802   0.00000000     0.00663147   0.00828276
 -0.00663147   0.00828276     0.00663147  -0.00828276     0.30115854   0.00000000

     Dynamical  Matrix in cartesian axes

     q = (   -0.250000000   0.750000000   0.750000000 ) 

    1    1
  0.30115854   0.00000000    -0.00663147  -0.00828276    -0.00663147  -0.00828276
 -0.00663147   0.00828276     0.24818802   0.00000000     0.00675966   0.00000000
 -0.00663147   0.00828276     0.00675966   0.00000000     0.24818802   0.00000000
    1    2
  0.08088230   0.06214742     0.04153193   0.03918887     0.04153193   0.03918887
  0.04153193   0.03918887     0.06472187   0.06274495    -0.13134241   0.03882533
  0.04153193   0.03918887    -0.13134241   0.03882533     0.06472187   0.06274495
    2    1
  0.08088230  -0.06214742     0.04153193  -0.03918887     0.04153193  -0.03918887
  0.04153193  -0.03918887     0.06472187  -0.06274495    -0.13134241  -0.03882533
  0.04153193  -0.03918887    -0.13134241  -0.03882533     0.06472187  -0.06274495
    2    2
  0.30115854   0.00000000    -0.00663147   0.00828276    -0.00663147   0.00828276
 -0.00663147  -0.00828276     0.24818802   0.00000000     0.00675966   0.00000000
 -0.00663147  -0.00828276     0.00675966   0.00000000     0.24818802   0.00000000

     Dynamical  Matrix in cartesian axes

     q = (    0.250000000   0.750000000  -0.750000000 ) 

    1    1
  0.30115854   0.00000000     0.00663147   0.00828276    -0.00663147  -0.00828276
  0.00663147  -0.00828276     0.24818802   0.00000000    -0.00675966   0.00000000
 -0.00663147   0.00828276    -0.00675966   0.00000000     0.24818802   0.00000000
    1    2
 -0.08088230  -0.06214742     0.04153193   0.03918887    -0.04153193  -0.03918887
  0.04153193   0.03918887    -0.06472187  -0.06274495    -0.13134241   0.03882533
 -0.04153193  -0.03918887    -0.13134241   0.03882533    -0.06472187  -0.06274495
    2    1
 -0.08088230   0.06214742     0.04153193  -0.03918887    -0.04153193   0.03918887
  0.04153193  -0.03918887    -0.06472187   0.06274495    -0.13134241  -0.03882533
 -0.04153193   0.03918887    -0.13134241  -0.03882533    -0.06472187   0.06274495
    2    2
  0.30115854   0.00000000     0.00663147  -0.00828276    -0.00663147   0.00828276
  0.00663147   0.00828276     0.24818802   0.00000000    -0.00675966   0.00000000
 -0.00663147  -0.00828276    -0.00675966   0.00000000     0.24818802   0.00000000

     Dynamical  Matrix in cartesian axes

     q = (   -0.250000000  -0.750000000  -0.750000000 ) 

    1    1
  0.30115854   0.00000000     0.00663147   0.00828276     0.00663147   0.00828276
  0.00663147  -0.00828276     0.24818802   0.00000000     0.00675966   0.00000000
  0.00663147  -0.00828276     0.00675966   0.00000000     0.24818802   0.00000000
    1    2
 -0.06214742   0.08088230     0.03918887  -0.04153193     0.03918887  -0.04153193
  0.03918887  -0.04153193    -0.06274495   0.06472187    -0.03882533  -0.13134241
  0.03918887  -0.04153193    -0.03882533  -0.13134241    -0.06274495   0.06472187
    2    1
 -0.06214742  -0.08088230     0.03918887   0.04153193     0.03918887   0.04153193
  0.03918887   0.04153193    -0.06274495  -0.06472187    -0.03882533   0.13134241
  0.03918887   0.04153193    -0.03882533   0.13134241    -0.06274495  -0.06472187
    2    2
  0.30115854   0.00000000     0.00663147  -0.00828276     0.00663147  -0.00828276
  0.00663147   0.00828276     0.24818802   0.00000000     0.00675966   0.00000000
  0.00663147   0.00828276     0.00675966   0.00000000     0.24818802   0.00000000

     Dynamical  Matrix in cartesian axes

     q = (    0.750000000   0.750000000  -0.250000000 ) 

    1    1
  0.24818802   0.00000000     0.00675966   0.00000000    -0.00663147   0.00828276
  0.00675966   0.00000000     0.24818802   0.00000000    -0.00663147   0.00828276
 -0.00663147  -0.00828276    -0.00663147  -0.00828276     0.30115854   0.00000000
    1    2
 -0.06472187  -0.06274495     0.13134241  -0.03882533    -0.04153193  -0.03918887
  0.13134241  -0.03882533    -0.06472187  -0.06274495    -0.04153193  -0.03918887
 -0.04153193  -0.03918887    -0.04153193  -0.03918887    -0.08088230  -0.06214742
    2    1
 -0.06472187   0.06274495     0.13134241   0.03882533    -0.04153193   0.03918887
  0.13134241   0.03882533    -0.06472187   0.06274495    -0.04153193   0.03918887
 -0.04153193   0.03918887    -0.04153193   0.03918887    -0.08088230   0.06214742
    2    2
  0.24818802   0.00000000     0.00675966   0.00000000    -0.00663147  -0.00828276
  0.00675966   0.00000000     0.24818802   0.00000000    -0.00663147  -0.00828276
 -0.00663147   0.00828276    -0.00663147   0.00828276     0.30115854   0.00000000

     Dynamical  Matrix in cartesian axes

     q = (    0.750000000  -0.750000000   0.250000000 ) 

    1    1
  0.24818802   0.00000000    -0.00675966   0.00000000     0.00663147  -0.00828276
 -0.00675966   0.00000000     0.24818802   0.00000000    -0.00663147   0.00828276
  0.00663147   0.00828276    -0.00663147  -0.00828276     0.30115854   0.00000000
    1    2
 -0.06274495   0.06472187     0.03882533   0.13134241     0.03918887  -0.04153193
  0.03882533   0.13134241    -0.06274495   0.06472187    -0.03918887   0.04153193
  0.03918887  -0.04153193    -0.03918887   0.04153193    -0.06214742   0.08088230
    2    1
 -0.06274495  -0.06472187     0.03882533  -0.13134241     0.03918887   0.04153193
  0.03882533  -0.13134241    -0.06274495  -0.06472187    -0.03918887  -0.04153193
  0.03918887   0.04153193    -0.03918887  -0.04153193    -0.06214742  -0.08088230
    2    2
  0.24818802   0.00000000    -0.00675966   0.00000000     0.00663147   0.00828276
 -0.00675966   0.00000000     0.24818802   0.00000000    -0.00663147  -0.00828276
  0.00663147  -0.00828276    -0.00663147   0.00828276     0.30115854   0.00000000

     Dynamical  Matrix in cartesian axes

     q = (   -0.750000000  -0.750000000  -0.250000000 ) 

    1    1
  0.24818802   0.00000000     0.00675966   0.00000000     0.00663147  -0.00828276
  0.00675966   0.00000000     0.24818802   0.00000000     0.00663147  -0.00828276
  0.00663147   0.00828276     0.00663147   0.00828276     0.30115854   0.00000000
    1    2
 -0.06472187  -0.06274495     0.13134241  -0.03882533     0.04153193   0.03918887
  0.13134241  -0.03882533    -0.06472187  -0.06274495     0.04153193   0.03918887
  0.04153193   0.03918887     0.04153193   0.03918887    -0.08088230  -0.06214742
    2    1
 -0.06472187   0.06274495     0.13134241   0.03882533     0.04153193  -0.03918887
  0.13134241   0.03882533    -0.06472187   0.06274495     0.04153193  -0.03918887
  0.04153193  -0.03918887     0.04153193  -0.03918887    -0.08088230   0.06214742
    2    2
  0.24818802   0.00000000     0.00675966   0.00000000     0.00663147   0.00828276
  0.00675966   0.00000000     0.24818802   0.00000000     0.00663147   0.00828276
  0.00663147  -0.00828276     0.00663147  -0.00828276     0.30115854   0.00000000

     Dynamical  Matrix in cartesian axes

     q = (    0.250000000  -0.750000000   0.750000000 ) 

    1    1
  0.30115854   0.00000000    -0.00663147  -0.00828276     0.00663147   0.00828276
 -0.00663147   0.00828276     0.24818802   0.00000000    -0.00675966   0.00000000
  0.00663147  -0.00828276    -0.00675966   0.00000000     0.24818802   0.00000000
    1    2
 -0.08088230  -0.06214742    -0.04153193  -0.03918887     0.04153193   0.03918887
 -0.04153193  -0.03918887    -0.06472187  -0.06274495    -0.13134241   0.03882533
  0.04153193   0.03918887    -0.13134241   0.03882533    -0.06472187  -0.06274495
    2    1
 -0.08088230   0.06214742    -0.04153193   0.03918887     0.04153193  -0.03918887
 -0.04153193   0.03918887    -0.06472187   0.06274495    -0.13134241  -0.03882533
  0.04153193  -0.03918887    -0.13134241  -0.03882533    -0.06472187   0.06274495
    2    2
  0.30115854   0.00000000    -0.00663147   0.00828276     0.00663147  -0.00828276
 -0.00663147  -0.00828276     0.24818802   0.00000000    -0.00675966   0.00000000
  0.00663147   0.00828276    -0.00675966   0.00000000     0.24818802   0.00000000

     Dynamical  Matrix in cartesian axes

     q = (   -0.750000000  -0.750000000   0.250000000 ) 

    1    1
  0.24818802   0.00000000     0.00675966   0.00000000    -0.00663147  -0.00828276
  0.00675966   0.00000000     0.24818802   0.00000000    -0.00663147  -0.00828276
 -0.00663147   0.00828276    -0.00663147   0.00828276     0.30115854   0.00000000
    1    2
 -0.06472187   0.06274495     0.13134241   0.03882533    -0.04153193   0.03918887
  0.13134241   0.03882533    -0.06472187   0.06274495    -0.04153193   0.03918887
 -0.04153193   0.03918887    -0.04153193   0.03918887    -0.08088230   0.06214742
    2    1
 -0.06472187  -0.06274495     0.13134241  -0.03882533    -0.04153193  -0.03918887
  0.13134241  -0.03882533    -0.06472187  -0.06274495    -0.04153193  -0.03918887
 -0.04153193  -0.03918887    -0.04153193  -0.03918887    -0.08088230  -0.06214742
    2    2
  0.24818802   0.00000000     0.00675966   0.00000000    -0.00663147   0.00828276
  0.00675966   0.00000000     0.24818802   0.00000000    -0.00663147   0.00828276
 -0.00663147  -0.00828276    -0.00663147  -0.00828276     0.30115854   0.00000000

     Dynamical  Matrix in cartesian axes

     q = (    0.250000000   0.750000000   0.750000000 ) 

    1    1
  0.30115854   0.00000000     0.00663147  -0.00828276     0.00663147  -0.00828276
  0.00663147   0.00828276     0.24818802   0.00000000     0.00675966   0.00000000
  0.00663147   0.00828276     0.00675966   0.00000000     0.24818802   0.00000000
    1    2
 -0.06214742  -0.08088230     0.03918887   0.04153193     0.03918887   0.04153193
  0.03918887   0.04153193    -0.06274495  -0.06472187    -0.03882533   0.13134241
  0.03918887   0.04153193    -0.03882533   0.13134241    -0.06274495  -0.06472187
    2    1
 -0.06214742   0.08088230     0.03918887  -0.04153193     0.03918887  -0.04153193
  0.03918887  -0.04153193    -0.06274495   0.06472187    -0.03882533  -0.13134241
  0.03918887  -0.04153193    -0.03882533  -0.13134241    -0.06274495   0.06472187
    2    2
  0.30115854   0.00000000     0.00663147   0.00828276     0.00663147   0.00828276
  0.00663147  -0.00828276     0.24818802   0.00000000     0.00675966   0.00000000
  0.00663147  -0.00828276     0.00675966   0.00000000     0.24818802   0.00000000

     Dynamical  Matrix in cartesian axes

     q = (   -0.250000000  -0.750000000   0.750000000 ) 

    1    1
  0.30115854   0.00000000     0.00663147  -0.00828276    -0.00663147   0.00828276
  0.00663147   0.00828276     0.24818802   0.00000000    -0.00675966   0.00000000
 -0.00663147  -0.00828276    -0.00675966   0.00000000     0.24818802   0.00000000
    1    2
 -0.08088230   0.06214742     0.04153193  -0.03918887    -0.04153193   0.03918887
  0.04153193  -0.03918887    -0.06472187   0.06274495    -0.13134241  -0.03882533
 -0.04153193   0.03918887    -0.13134241  -0.03882533    -0.06472187   0.06274495
    2    1
 -0.08088230  -0.06214742     0.04153193   0.03918887    -0.04153193  -0.03918887
  0.04153193   0.03918887    -0.06472187  -0.06274495    -0.13134241   0.03882533
 -0.04153193  -0.03918887    -0.13134241   0.03882533    -0.06472187  -0.06274495
    2    2
  0.30115854   0.00000000     0.00663147   0.00828276    -0.00663147  -0.00828276
  0.00663147  -0.00828276     0.24818802   0.00000000    -0.00675966   0.00000000
 -0.00663147   0.00828276    -0.00675966   0.00000000     0.24818802   0.00000000

     Dynamical  Matrix in cartesian axes

     q = (    0.750000000   0.750000000   0.250000000 ) 

    1    1
  0.24818802   0.00000000     0.00675966   0.00000000     0.00663147   0.00828276
  0.00675966   0.00000000     0.24818802   0.00000000     0.00663147   0.00828276
  0.00663147  -0.00828276     0.00663147  -0.00828276     0.30115854   0.00000000
    1    2
 -0.06472187   0.06274495     0.13134241   0.03882533     0.04153193  -0.03918887
  0.13134241   0.03882533    -0.06472187   0.06274495     0.04153193  -0.03918887
  0.04153193  -0.03918887     0.04153193  -0.03918887    -0.08088230   0.06214742
    2    1
 -0.06472187  -0.06274495     0.13134241  -0.03882533     0.04153193   0.03918887
  0.13134241  -0.03882533    -0.06472187  -0.06274495     0.04153193   0.03918887
  0.04153193   0.03918887     0.04153193   0.03918887    -0.08088230  -0.06214742
    2    2
  0.24818802   0.00000000     0.00675966   0.00000000     0.00663147  -0.00828276
  0.00675966   0.00000000     0.24818802   0.00000000     0.00663147  -0.00828276
  0.00663147   0.00828276     0.00663147   0.00828276     0.30115854   0.00000000

     Dynamical  Matrix in cartesian axes

     q = (    0.250000000  -0.750000000  -0.750000000 ) 

    1    1
  0.30115854   0.00000000    -0.00663147   0.00828276    -0.00663147   0.00828276
 -0.00663147  -0.00828276     0.24818802   0.00000000     0.00675966   0.00000000
 -0.00663147  -0.00828276     0.00675966   0.00000000     0.24818802   0.00000000
    1    2
  0.08088230  -0.06214742     0.04153193  -0.03918887     0.04153193  -0.03918887
  0.04153193  -0.03918887     0.06472187  -0.06274495    -0.13134241  -0.03882533
  0.04153193  -0.03918887    -0.13134241  -0.03882533     0.06472187  -0.06274495
    2    1
  0.08088230   0.06214742     0.04153193   0.03918887     0.04153193   0.03918887
  0.04153193   0.03918887     0.06472187   0.06274495    -0.13134241   0.03882533
  0.04153193   0.03918887    -0.13134241   0.03882533     0.06472187   0.06274495
    2    2
  0.30115854   0.00000000    -0.00663147  -0.00828276    -0.00663147  -0.00828276
 -0.00663147   0.00828276     0.24818802   0.00000000     0.00675966   0.00000000
 -0.00663147   0.00828276     0.00675966   0.00000000     0.24818802   0.00000000

     Dynamical  Matrix in cartesian axes

     q = (    0.750000000  -0.750000000  -0.250000000 ) 

    1    1
  0.24818802   0.00000000    -0.00675966   0.00000000    -0.00663147  -0.00828276
 -0.00675966   0.00000000     0.24818802   0.00000000     0.00663147   0.00828276
 -0.00663147   0.00828276     0.00663147  -0.00828276     0.30115854   0.00000000
    1    2
  0.06472187  -0.06274495     0.13134241   0.03882533     0.04153193  -0.03918887
  0.13134241   0.03882533     0.06472187  -0.06274495    -0.04153193   0.03918887
  0.04153193  -0.03918887    -0.04153193   0.03918887     0.08088230  -0.06214742
    2    1
  0.06472187   0.06274495     0.13134241  -0.03882533     0.04153193   0.03918887
  0.13134241  -0.03882533     0.06472187   0.06274495    -0.04153193  -0.03918887
  0.04153193   0.03918887    -0.04153193  -0.03918887     0.08088230   0.06214742
    2    2
  0.24818802   0.00000000    -0.00675966   0.00000000    -0.00663147   0.00828276
 -0.00675966   0.00000000     0.24818802   0.00000000     0.00663147  -0.00828276
 -0.00663147  -0.00828276     0.00663147   0.00828276     0.30115854   0.00000000

     Diagonalizing the dynamical matrix

     q = (    0.750000000  -0.250000000   0.750000000 ) 

 **************************************************************************
     freq (    1) =       4.308800 [THz] =     143.726113 [cm-1]
 (  0.496320  0.060550  0.000000  0.000000 -0.496320 -0.060550 ) 
 (  0.500000  0.000000  0.000000  0.000000 -0.500000  0.000000 ) 
     freq (    2) =       6.152121 [THz] =     205.212670 [cm-1]
 (  0.135891 -0.396444 -0.156128 -0.352641  0.135891 -0.396444 ) 
 ( -0.419087 -0.000000 -0.282963 -0.262038 -0.419087  0.000000 ) 
     freq (    3) =       9.445943 [THz] =     315.082727 [cm-1]
 (  0.305629  0.082767 -0.370477  0.402775  0.305629  0.082767 ) 
 ( -0.316638 -0.000000  0.252314  0.485612 -0.316638  0.000000 ) 
     freq (    4) =      12.125750 [THz] =     404.471484 [cm-1]
 ( -0.316760  0.121572  0.320466 -0.408740 -0.316760  0.121572 ) 
 ( -0.339288 -0.000000  0.445645  0.266772 -0.339288  0.000000 ) 
     freq (    5) =      13.623180 [THz] =     454.420358 [cm-1]
 (  0.496320  0.060550 -0.000000 -0.000000 -0.496320 -0.060550 ) 
 ( -0.500000 -0.000000  0.000000  0.000000  0.500000  0.000000 ) 
     freq (    6) =      14.005235 [THz] =     467.164358 [cm-1]
 (  0.140097 -0.298936 -0.224174 -0.481421  0.140097 -0.298936 ) 
 (  0.330136  0.000000  0.340793  0.407284  0.330136 -0.000000 ) 
 **************************************************************************
